1029669
1076316
111539
1152674
1178447
1238732
12554
1281209
1283741
1285562
1304555
1305335
1334581
1353781
1361575
1386880
1430473
1435963
1449943
1497719
1507427
1533788
1536047
1537510
1573003
1582384
1584874
1633069
1635157
1651012
1660219
1675486
1688356
1704706
1706485
1747231
1757932
1757992
1785886
1794271
1831351
1860853
1921108
1924888
1965790
1985035
1990294
2006428
2018470
2020763
2025497
2031661
2079405
2094159
2115447
2177964
2185485
2201280
2204673
2230728
2260832
2286638
2339195
2380540
2532241
2558080
25789
2598121
2661115
346100
36744
37681
40679
423136
684990
801024
956034