25143577
22653871
22109533
26513050
18519313
18740443
27772630
25022086
18445322
16504007
32152393
27311278
32371702
18324761
31546508
13612404
24559009
30318522
30748412
13689612
23961145
76861
31683614
11003814
28587528
32345824
13779063
23313574
23185381
19747093
35255725
22116364
8555428
14779667
6814000
17906597
6668860
33136015
21431803
27609085
24822373
299603
16443053
14345130
7061515
28949799
13165845
11659926
28948578
25241206
16975062
20142982
27448672
13604544
34791103
10521585
21617338
19979299
20440910
16079666
32816746
19731253
17147873
27470875
30715664
15124007
31492499
1606547
23471554
24854467
25885264
24278113
21406744
5295506
6870892
19068442
25800691
507700
15866901
13354242
25295155
21809875
29252028
27430390
11879367
18407444
28740780
17762234
19507186
7393054
34129708
32407657
22713616
7937086
30760346
7040089
30887135
21328612
35650879
111690
21815308
10453449
24887110
20216506
23850361
2506151
25787653
16627541
15115712
30116886
10659744
20256982
29722659
23348617
7084504
27637358
27470893
26428537
32388553
816544
33745444
12521824
17732855
15883569
16399862
23679376
10890888
27858838
29526558
17366012
34569880
33962368
21089099
11549211
12664023
32613736
23083738
24111895
35214754
10488882
29914395
28459854
33489424
29135208
13169109
7138976
27632648
20994917
34257769
16729350
36441523
34189129
36157378
7515700
30472134
4797854
21376195
24241987
11615187
22073737
19283281
13834353
30879626
20620334
27184099
30456759
25433362
12054900
36001096
5678815
24766570
24613453
27246313
16782487
598019
20565005
13241154
19271506
24872824
17820104
21998470
493113
29177388
27910189
26225191
9466988
28510488
17584976
26704795
27565495
34334308
9300086
31549007
24963313
32504140
30344592
30679271
27130303
28213563
32542825
27707462
27661256
23522767
12579668
1470241
26090464
23571643
32239345
30690521
19299481
34102618
1695350
29605347
20874797
28237845
21453625
26143228
31024604
22130110
16267331
11436096
21847510
7322935
31074875
14094303
29613219
15319668
23175445
22068040
34161109
32510176
20609393
22884841
29812860
7812790
22421158
22028254
7066996
23184505
25916761
33905305
23017654
170403
32394049
33937345
35148904
28842213
4401734
294995
28846980
24262567
29866857
14486850
21808213
21910063
20693021
20275129
18863971
19388836
12033890
10304777
14055714
17903480
28485864
22307176
24376201
20567498
30830084
26187457
30436956
407723
34122838
26001232
20239129
27528220
25068775
26007388
33705952
33886603
27190000
260273
12734052
31939423
26671084
21859996
32554021
34010818
34985539
25428055
23321323
28294683
14906117
19447315
19801594
17968064
11012550
1075806
10970949
28132290
24613408
24216859
25511461
23810251
19035343
15698094
24662260
17836517
31899376
21282278
21004607
34899703
23326366
22990960
14066796
35204929
3907021
23044321
5860717
20836475
34182997
22810552
3762757
10572492
23624704
23135962
32956450
18942745
18965794
18589570
24756952
28464576
21881491
30979730
12922311
31733914
16641984
29739654
19907140
13028844
34234810
4427987
30812612
3257885
27677980
27758548
16440284
21456370
29399964
5475863
8748340
26452945
25036408
17166020
28195347
19793818
10772199
23239024
11136081
20174284
26096470
27569152
31407878
24924808
26623660
23365429
32544148
21421639
12093777
11512872
19761364
907332
784213
17804114
845183
11032653
34988704
1508990
1477357
4852466
22714810
19432315
3156632
19978294
33840850
27699806
20380180
34111441
31493666
10333187
505677
35156233
23275189
17374679
28192002
23383810
18501697
25997320
23076982
25759528
3670266
8213081
23951533
17469179
27154169
30317268
4012402
23609689
28079223
22571980
15071123
10506978
21861010
33210151
32468755
22847602
13040934
1970511
23547772
31883989
29018835
16037609
20060752
22827064
16365134
22180816
25414132
14352696
16348394
14693193
611492
27952019
23766619
13541223
2781206
25601596
33568864
27390661
7497918
23635906
34581913
24579031
3459731
11072238
11270490
3891256
26731132
4394687
29237001
32908984
15921000
34073449
26969008
18978298
4776341
30158220
14858726
29709597
34827493
20456756
27570775
11252559
27669757
9841367
22322140
19768255
29306634
19191640
30713072
17053889
28643220
18775144
1924179
3803950
25386817
5373050
26477992
902480
5849320
15487920
28699629
33979027
34148671
27718529
15199199
33865852
20288443
28252443
24318004
17217341
23239501
10799406
20775059
30439779
27461875
12914751
15467058
12292941
29595831
24343024
29259162
3730363
27200015
18541645
28600548
29725977
20451308
7615531
680752
864864
15795501
23993578
17686166
21057866
16658080
27994659
25918189
12919386
24707857
24987124
26597317
30573539
29443266
30265893
31141439
6414745
26341411
26474023
20392885
25627864
15799128
20969189
5962915
34533838
32803621
27242095
26709565
27533623
23732584
21709729
28097457
13865526
22221163
30571457
23176594
24779452
22123033
10745151
23520670
23472517
15294237
27009487
13627857
22989676
31101005
11886306
27960383
29281773
12619184
35388781
8308063
13460625
9565196
13933635
5030443
34134610
23581942
8590750
31482626
23657293
21891013
18619423
12988137
17342354
30531918
15118700
28414728
34587193
34029076
25722511
20409883
518316
20109799
8163464
31882603
28158168
18709633
31978786
1147421
32511868
15233106
16854160
29091798
16555949
680805
25415320
24105631
3870211
22356097
15130205
20204767
31359821
30978575
11666820
28094022
12424332
32374201
24905410
31787320
17106932
472183
20040961
20171638
21957355
29121525
28236945
1877907
14705471
28475310
16616795
33351994
3963862
30778067
34345234
31896778
26409040
25474642
22640713
16685326
31250546
14293560
28971186
22535866
31622762
26112073
24587365
26423458
240930
27740392
17481809
17890052
21453481
1103141
23442430
24700762
9318200
24864346
35252215
22837393
8308309
20128243
18487150
23187580
28755084
23650270
33639346
30915899
20211121
31114310
30419484
27812527
33187711
35688319
5121464
22919674
9801101
31212824
33562372
21150389
33128767
15475770
23459821
27918628
33158971
23554390
19763116
1591592
23585149
21795435
25957888
25026529
30604055
23973340
22060552
32650210
11985126
26533249
16084103
29817390
23156497
20171080
27723368
24339220
5296850
278395
28854258
29260137
23353117
21942946
26046058
5394665
22176247
17656484
17685167
30600596
106190
18226433
26071945
27200197
30794522
26996080
27704731
15255063
36120454
23085400
26761132
17033792
24634954
12470332
23931013
18034658
25726075
334817
24546556
23581780
23685658
7353028
16138103
18601522
33037573
20958947
24358252
28840383
27465595
11203914
14451735
29478831
15814020
11715180
3388781
937084
31859515
20418047
23417131
17008503
18613888
28806891
30188016
27375052
24215029
31373576
17051762
32976130
27270376
25723171
26046520
21294002
27878189
31479263
26213038
22348042
31869289
11504721
29660451
14033613
34127308
16421201
26191840
24925561
22413373
1984572
32357539
28370217
13990215
34790974
28038243
21308943
29943726
17681291
24346537
17882234
23090143
370279
31952998
9578435
19084348
search?utf8=%E2%9C%93&commit=Search&work_search%5Bquery%5D=&work_search%5Btitle%5D=Assembly+of+Pain%2C+Happiness%2C+%26+Feelings.&work_search%5Bcreators%5D=&work_search%5Brevised_at%5D=&work_search%5Bcomplete%5D=&work_search%5Bcrossover%5D=&work_search%5Bsingle_chapter%5D=0&work_search%5Bword_count%5D=&work_search%5Blanguage_id%5D=&work_search%5Bfandom_names%5D=&work_search%5Brating_ids%5D=&work_search%5Bcharacter_names%5D=TommyInnit+%28Video+Blogging+RPF%29&work_search%5Brelationship_names%5D=&work_search%5Bfreeform_names%5D=&work_search%5Bhits%5D=&work_search%5Bkudos_count%5D=&work_search%5Bcomments_count%5D=&work_search%5Bbookmarks_count%5D=&work_search%5Bsort_column%5D=_score&work_search%5Bsort_direction%5D=desc#:~:text=Works%20List-,Assembly%20of%20Pain%2C%20Happiness%2C%20%26%20Feelings.,-by%20RandomlySane
32030788
24691249
15919089
10263101
33921814
22848817
9718403
34471441
25582654
11284494
31305632
20443007
17568758
23935006
23541145
34192108
24231487
16481090
34369231
29038095
11422803
3100511
19150279
10414140
26616427
20868656
18407183
24194614
24315364
30121149
30192873
20721824
27745438
27709703
30832658
22517158
4273890
32234605
33454669
29490420
22642855
12258063
23351494
24887557
33562267
27072727
7239700
1031893
29371794
24110341
21318406
3867325
24848329
346736
29245938
32854399
11681898
13142217
4520205
25625587
31238723
34799452
19934053
28158594
16659493
20038312
18874498
24634399
17055632
14226009
12848718
24401746
639003
29674161
30534084
35820016
6288376
18901366
22917775
34162207
5986366
23939416
31811008
15995492
34781968
22880818
23696347
6559960
32854339
24526141
19350961
24358207
21947791
30251604
2078553
29962410
30685736
26829091
29069109
23319187
33279106
8179655
27726203
23348836
36463321
33855862
24168637
19118947
28594911
7045240
34246933
33492454
5818693
6559228
27279745
559409
31962421
602262
21806002
33432256
32112331
30401208
23524942
26873953
164479
30646853
546446
30353682
2268507
20177044
20921720
25262914
12662994
7392847
16023554
30974375
21383248
15212723
29269710
21391081
30931553
26241559
22898779
416100
27176633
35019583
25436386
16982175
20920643
22137838
505906
16523912
24103009
20935463
19797841
20640884
31081712
35262118
1323562
25057393
33052027
17837954
28965846
15162647
27310006
21318418
25344355
22057534
23206819
24376396
13105560
28139565
28113402
29993970
28005069
29278248
14249571
28836627
20432597
19069612
14165856
20908076
34552252
29728164
21074312
27099160
27070534
22438099
23818510
23428786
34111114
27846530
35607448
19227964
27803737
10544868
18194762
21097151
26132014
30359169
28174443
25329310
6071350
21815875
28401606
5821582
776603
32049301
25771438
24743242
23859457
34819819
23453311
26558275
30731570
13091526
31170737
25825039
23627122
19323070
750377
17292761
8339524
21297146
22989181
1610018
22365040
14831141
20409166
35604706
22607929
28045056
735953
33670090
21742876
18068939
22445740
29869677
32528635
29242680
22960057
33420838
29194440
18993361
24378940
27806677
30153540
10408971
26171239
21672928
23609749
23779702
20118874
23043574
27605834
27077461
28460472
28581966
5421695
31981339
18613666
33268057
36366478
9238637
20292616
2679206
24414376
24798505
20012770
31396655
25138768
34165087
7305565
24632080
24892276
24213475
16139069
2656487
30942641
3613170
30278670
31862674
32079538
