31869289
28045056
30353682
32357539
14906117
27375052
5818693
22116364
22413373
27200015
23779702
34781968
32394049
33568864
30251604
26597317
19934053
18613888
30778067
33855862
28158168
5373050
7138976
31882603
30121149
22917775
24963313
32511868
21282278
24854467
370279
27661256
26132014
20256982
31939423
23275189
34010818
19227964
7084504
27723368
31859515
16854160
10263101
15919089
29018835
26704795
111690
25722511
27070534
22176247
17055632
25262914
33886603
30116886
22990960
17656484
27470875
19271506
5030443
16627541
31212824
28132290
34111441
22438099
23085400
19388836
12093777
20920643
22068040
33210151
16523912
25627864
20174284
8590750
23351494
26671084
26623660
170403
23609749
33562267
32049301
19068442
23090143
10970949
23624704
26731132
20620334
518316
17681291
23973340
15162647
26143228
32079538
24662260
34799452
28158594
27806677
36157378
24613408
21847510
17374679
12734052
19797841
31305632
29993970
30942641
14293560
34102618
10521585
32854399
23581780
13865526
18589570
23326366
9578435
19323070
25582654
11252559
35214754
2656487
24905410
559409
28971186
12848718
24343024
30188016
27605834
29242680
27200197
24924808
24241987
33128767
16440284
22130110
816544
28965846
23571643
21328612
31141439
21294002
1984572
27858838
34182997
34345234
31896778
27565495
20994917
13604544
28948578
24756952
34165087
9801101
11659926
18740443
16729350
2679206
27099160
26090464
5296850
26007388
20443007
15115712
29135208
33979027
28192002
34471441
20409166
29526558
17292761
9565196
22535866
25241206
34791103
31396655
10506978
27699806
10772199
27533623
17685167
24318004
34246933
23939416
24194614
33489424
20038312
29281773
24632080
27528220
32803621
8308309
784213
29269710
31862674
30153540
17166020
29962410
7066996
35204929
2506151
28854258
34111114
25329310
20418047
36463321
6668860
24105631
25759528
28510488
35019583
33905305
32554021
27726203
34162207
15467058
278395
29371794
19447315
35820016
26171239
21421639
27270376
17882234
13091526
11666820
31170737
11681898
32468755
3803950
9718403
30265893
2078553
505677
31359821
10745151
33921814
24103009
21742876
19150279
23184505
13040934
25428055
26996080
13142217
27310006
22073737
24414376
20292616
27242095
29728164
28236945
4427987
20775059
29490420
24278113
21891013
27072727
24376201
24526141
25433362
21815308
4273890
5986366
30974375
11715180
30685736
32650210
26096470
20177044
24216859
21617338
22322140
9466988
1508990
26191840
28846980
23931013
20451308
23185381
27279745
7322935
27709703
19069612
23459821
27718529
25511461
25474642
28475310
20392885
27190000
23810251
20908076
32854339
18501697
11072238
20958947
15130205
864864
546446
20440910
21456370
36366478
15255063
30731570
25414132
31024604
31883989
30887135
23818510
6414745
28252443
18978298
14066796
24231487
29725977
30419484
20012770
31787320
15799128
3907021
31952998
24700762
31081712
27846530
21376195
23076982
1610018
26761132
12619184
20142982
34189129
34985539
26409040
18965794
27952019
31074875
14831141
20128243
24559009
23935006
30715664
493113
23859457
5475863
32976130
34073449
5421695
27772630
22180816
31622762
13627857
31250546
8308063
23685658
27130303
7497918
24546556
22307176
6071350
35607448
6814000
34552252
21672928
26046058
3730363
26616427
3867325
34827493
7239700
25386817
12424332
21942946
3459731
31733914
16139069
14249571
11615187
15921000
1075806
34587193
16399862
28836627
25295155
24822373
30713072
21453481
26423458
23083738
23732584
17837954
15795501
26341411
22713616
5121464
30436956
18619423
23353117
32388553
18601522
4012402
32371702
33037573
20109799
13165845
16079666
23951533
33639346
3891256
27570775
25026529
31549007
28949799
23348617
32407657
34122838
26241559
611492
23993578
24848329
15995492
18993361
5394665
16421201
11270490
21809875
5962915
25022086
22642855
25957888
11512872
16504007
25723171
22884841
13612404
21089099
32504140
6559960
21406744
27246313
16659493
31238723
31978786
27910189
21074312
26225191
14094303
14345130
21431803
8179655
25726075
30978575
18068939
31101005
29605347
10488882
27669757
24864346
7392847
31373576
22847602
23547772
22571980
25625587
8213081
28139565
27154169
29252028
30832658
13689612
9318200
14055714
8555428
27077461
31811008
25344355
26213038
32613736
1695350
20380180
12922311
17481809
6870892
search?utf8=%E2%9C%93&commit=Search&work_search%5Bquery%5D=&work_search%5Btitle%5D=Assembly+of+Pain%2C+Happiness%2C+%26+Feelings.&work_search%5Bcreators%5D=&work_search%5Brevised_at%5D=&work_search%5Bcomplete%5D=&work_search%5Bcrossover%5D=&work_search%5Bsingle_chapter%5D=0&work_search%5Bword_count%5D=&work_search%5Blanguage_id%5D=&work_search%5Bfandom_names%5D=&work_search%5Brating_ids%5D=&work_search%5Bcharacter_names%5D=TommyInnit+%28Video+Blogging+RPF%29&work_search%5Brelationship_names%5D=&work_search%5Bfreeform_names%5D=&work_search%5Bhits%5D=&work_search%5Bkudos_count%5D=&work_search%5Bcomments_count%5D=&work_search%5Bbookmarks_count%5D=&work_search%5Bsort_column%5D=_score&work_search%5Bsort_direction%5D=desc#:~:text=Works%20List-,Assembly%20of%20Pain%2C%20Happiness%2C%20%26%20Feelings.,-by%20RandomlySane
22919674
27707462
27803737
22714810
28237845
33454669
30830084
5860717
27812527
17762234
28370217
21910063
16348394
18775144
29038095
24743242
23554390
11549211
23017654
18194762
25601596
28113402
9238637
28294683
34533838
7040089
26829091
15212723
21318418
33937345
16982175
16782487
680752
20216506
25800691
30748412
14226009
20040961
19350961
10799406
25997320
3870211
7937086
23044321
34581913
34257769
13990215
29943726
31899376
32030788
24634399
334817
11504721
35688319
32542825
28755084
30915899
18445322
20432597
20640884
25885264
14779667
17342354
11136081
12919386
26428537
28643220
3613170
30456759
32816746
17469179
19978294
16023554
33962368
22123033
28699629
33745444
12470332
19763116
24925561
24872824
19801594
24358252
639003
23321323
22607929
19761364
19747093
16616795
31493666
12988137
12664023
15118700
35604706
26969008
18487150
20204767
28097457
20921720
17053889
23348836
32528635
19084348
26474023
31407878
23239024
24798505
18407444
30979730
20721824
27470893
31683614
25916761
14451735
10453449
24779452
17106932
14486850
23581942
24691249
19191640
32374201
29399964
25138768
16365134
20171638
23417131
27960383
22898779
12258063
29278248
22421158
25787653
23520670
294995
7045240
23156497
22348042
2781206
17804114
29245938
20565005
17732855
23696347
24215029
34819819
30472134
8163464
36441523
24766570
11436096
27637358
23650270
26046520
28038243
22810552
23313574
1606547
23206819
12662994
30344592
33136015
416100
24987124
15319668
23453311
26187457
21004607
5849320
22827064
29177388
29709597
33432256
23471554
11985126
17968064
23175445
32544148
505906
24358207
1147421
25415320
28581966
28213563
32239345
25036408
27677980
23609689
30573539
7515700
20211121
36120454
27176633
34029076
36001096
21947791
30359169
24401746
27448672
18541645
24262567
20288443
30600596
21308943
23472517
19432315
21998470
29613219
26873953
31962421
15294237
76861
14165856
20118874
21318406
1970511
32152393
27609085
28464576
18226433
9300086
17906597
28740780
33279106
23442430
30604055
29595831
845183
299603
4401734
16267331
21709729
34192108
30646853
34134610
29259162
12914751
28079223
16084103
32956450
27918628
18709633
22057534
28094022
12521824
106190
29739654
18407183
29866857
4852466
12033890
34161109
30760346
16481090
27740392
34369231
15814020
26112073
9841367
22137838
21881491
14352696
23585149
20275129
31114310
28840383
24707857
17568758
28594911
29869677
18901366
23679376
16555949
28460472
1103141
13028844
7393054
30794522
21795435
24111895
29091798
33351994
29237001
3963862
21861010
15698094
13241154
26477992
27878189
24587365
19793818
19979299
27430390
30531918
23766619
30158220
35650879
28600548
17836517
35148904
3670266
8748340
20567498
25771438
28842213
33052027
11203914
13354242
1477357
24315364
19768255
28587528
21097151
29660451
25057393
16975062
17008503
27184099
16138103
19731253
33840850
15866901
33865852
24887110
24579031
27994659
31546508
11012550
27390661
24346537
680805
16037609
20836475
24634954
20868656
10408971
10414140
20171080
25918189
21957355
16658080
11032653
11886306
33158971
30931553
776603
30401208
22837393
25143577
20693021
11284494
22880818
20935463
23850361
22653871
34569880
19035343
29812860
26558275
14693193
33268057
17147873
11003814
19118947
33420838
32908984
34129708
14705471
30679271
24339220
29674161
21391081
3156632
13460625
1323562
937084
4520205
22365040
22028254
13541223
19299481
4797854
27758548
2268507
23524942
23657293
24213475
602262
735953
16685326
29306634
12579668
27465595
7305565
22989181
15071123
1877907
29069109
23541145
24378940
14033613
33670090
23428786
3388781
23239501
28459854
27461875
32510176
34790974
14858726
17686166
17051762
21297146
27009487
7061515
16443053
21150389
22221163
6559228
28195347
33562372
35252215
33492454
17820104
10544868
21808213
30439779
18034658
33187711
13834353
22640713
30571457
26513050
346736
22060552
20409883
17033792
18874498
22356097
20239129
5678815
21383248
17903480
1031893
29478831
32234605
31492499
27311278
15233106
3762757
35388781
7812790
5295506
11879367
24110341
23961145
13933635
23627122
23319187
19507186
21453625
28485864
240930
29722659
32112331
23522767
260273
18942745
10890888
27632648
18863971
26071945
13169109
19283281
407723
23187580
26533249
26709565
35262118
29817390
25436386
34234810
20609393
24613453
17584976
22517158
13105560
28005069
22960057
24376396
29260137
164479
34988704
30192873
15199199
7353028
26452945
6288376
22109533
29914395
28414728
34899703
25825039
18519313
25068775
4776341
1924179
4394687
34127308
902480
472183
23635906
15475770
30534084
17366012
750377
24168637
22989676
1470241
30690521
29121525
15883569
22848817
20969189
12054900
17217341
15124007
20874797
17890052
28401606
598019
29443266
24887557
22445740
34148671
18324761
30879626
907332
35156233
23135962
35255725
28806891
15487920
21806002
30812612
31482626
10333187
34334308
12292941
23176594
23383810
20456756
30278670
21815875
1591592
32345824
27569152
28174443
33705952
11422803
10659744
29194440
26001232
30317268
3257885
7615531
8339524
23365429
24892276
30318522
10572492
13779063
21057866
19907140
23043574
31981339
27704731
5821582
18613666
27745438
3100511
10304777
507700
20060752
21859996
31479263
16641984
