23571643
33136015
15487920
21004607
24414376
21089099
14858726
23547772
30715664
23365429
10970949
31862674
20012770
845183
19507186
30278670
22176247
30600596
22898779
21297146
16079666
26533249
23453311
18993361
30353682
5818693
26513050
25295155
30531918
26969008
12922311
23624704
33158971
28836627
26143228
25415320
27565495
24872824
76861
13165845
33268057
27570775
27569152
3963862
25625587
26597317
32234605
21809875
20935463
26225191
27726203
29260137
26704795
27960383
26873953
30713072
20874797
17762234
26671084
24401746
27009487
30879626
611492
26709565
27740392
14352696
31492499
21709729
12033890
13091526
9801101
12424332
1470241
26001232
27279745
10263101
22109533
36001096
16481090
33639346
6559960
30778067
7305565
24215029
22810552
1103141
32976130
111690
25825039
17584976
25582654
27200015
27803737
23348836
11504721
21815875
10488882
16641984
33886603
17374679
24613453
33562267
21391081
31081712
294995
24887557
17656484
24358207
22917775
10890888
17903480
18501697
19283281
1075806
29194440
30571457
14033613
14693193
34111114
14066796
29943726
3459731
28459854
33037573
8590750
23541145
13779063
10333187
27772630
11985126
23696347
23428786
12470332
3803950
10572492
21308943
22989676
20567498
25916761
22848817
24634399
21947791
10506978
28097457
505677
17804114
19761364
27994659
24743242
23993578
16023554
24779452
27077461
23135962
28045056
14705471
23524942
13142217
22060552
29526558
8339524
31882603
20451308
27704731
32908984
24318004
7497918
33187711
23459821
26132014
22356097
31549007
24358252
35604706
15124007
16037609
24168637
34029076
16555949
30439779
16504007
27677980
27130303
9318200
407723
33492454
27528220
24798505
27246313
22137838
24864346
33937345
23732584
18407444
32112331
24376396
24213475
27200197
15255063
25036408
24587365
24339220
30251604
23931013
29177388
10799406
21808213
35214754
20038312
29660451
23442430
28113402
15199199
22180816
29613219
12914751
12521824
28840383
23275189
21383248
23766619
13834353
1877907
12054900
14226009
27430390
24103009
23685658
20174284
17166020
20620334
20040961
5030443
21453625
19934053
24848329
30317268
18874498
750377
32049301
31305632
9841367
29069109
18775144
30188016
20868656
29817390
26046520
30978575
29605347
7239700
29728164
16782487
32239345
34073449
23810251
15130205
26428537
29038095
6288376
23176594
493113
24987124
23044321
32528635
27661256
4427987
13460625
17968064
10414140
30812612
20908076
27099160
22116364
32504140
28139565
17685167
22068040
21318418
27707462
11666820
12258063
17732855
11252559
334817
680752
1970511
23609749
3257885
31787320
18978298
23609689
25026529
27910189
24231487
29091798
28005069
9238637
23850361
21431803
2679206
15883569
19907140
16267331
25474642
22837393
30731570
18519313
776603
17053889
16523912
346736
32554021
21456370
27637358
23650270
32956450
30573539
25800691
34827493
33454669
26007388
19150279
23319187
6814000
18194762
26623660
17055632
4394687
25068775
15921000
31114310
18863971
30158220
5295506
30931553
27310006
27609085
32613736
29259162
22827064
7084504
23239501
32374201
24892276
416100
10304777
29399964
17686166
21815308
170403
24315364
639003
26996080
27176633
23017654
27952019
34134610
16627541
13604544
7937086
28132290
16982175
18740443
1606547
23313574
28294683
27723368
15294237
16616795
15995492
34122838
29278248
14345130
1323562
27390661
18942745
26761132
21957355
25726075
106190
34182997
23383810
9578435
5121464
21376195
21097151
19768255
28965846
15319668
16658080
29674161
31493666
18487150
22880818
34799452
24854467
31962421
18619423
10521585
31939423
10772199
20775059
22307176
10544868
24662260
24887110
20128243
21328612
21150389
23321323
8748340
27470893
21806002
19323070
25771438
13028844
21942946
31952998
735953
33905305
22884841
15919089
23206819
11436096
15118700
31024604
2268507
13933635
27070534
18613888
25022086
16659493
34148671
680805
24111895
31811008
10745151
26241559
3613170
17568758
34246933
25759528
16443053
28158168
22607929
27311278
35204929
7040089
25386817
507700
17906597
26191840
6559228
23326366
3100511
22714810
14055714
18965794
21672928
19068442
21859996
902480
29269710
28237845
5962915
15233106
12579668
28174443
23175445
24376201
22640713
22847602
17033792
24110341
22438099
30472134
30344592
32357539
3907021
11422803
23973340
6414745
24194614
31074875
21891013
3730363
27470875
31869289
17890052
32371702
13354242
27718529
34790974
20721824
1695350
16440284
7812790
18589570
22348042
29866857
14293560
31373576
22073737
27190000
23522767
21318406
23348617
21795435
20204767
816544
33052027
15795501
11512872
240930
27858838
27375052
28370217
16854160
20142982
23239024
33568864
30153540
20060752
27242095
15698094
3388781
24378940
16139069
28460472
8555428
20921720
34234810
5986366
35019583
12734052
20565005
20211121
12988137
25138768
13241154
13169109
24963313
19432315
16975062
26096470
23951533
21074312
23818510
24579031
20239129
23184505
22365040
21617338
260273
30887135
19350961
21847510
13865526
23635906
31101005
20392885
937084
559409
11270490
33865852
18068939
20640884
11072238
26112073
35148904
27745438
4776341
8213081
3670266
25428055
24559009
23185381
33962368
23961145
7322935
29018835
23471554
546446
29914395
25262914
20432597
34819819
27184099
1924179
25057393
23156497
34102618
13541223
26213038
29281773
7353028
5860717
26829091
2506151
16348394
24822373
5296850
11615187
29725977
15475770
17051762
16685326
22028254
16138103
21998470
28094022
15212723
28475310
30534084
8308063
15467058
30121149
25344355
28510488
1477357
20440910
3156632
3891256
35156233
13612404
15115712
16365134
907332
33921814
14486850
27918628
14249571
27465595
20171080
21406744
28600548
30604055
24278113
19979299
23351494
11136081
7061515
32407657
31250546
10659744
7045240
26090464
22713616
25143577
23076982
28038243
21453481
30436956
11032653
25329310
1610018
28213563
25436386
19388836
24756952
864864
14831141
27709703
24632080
28594911
27846530
28192002
22130110
34192108
21742876
29237001
25885264
34345234
19035343
14094303
20409883
28949799
29709597
11715180
34569880
26477992
23679376
31546508
23657293
28587528
24526141
22445740
7392847
3762757
19763116
9565196
17481809
16084103
28581966
31396655
23939416
20216506
29121525
17681291
23353117
29962410
24613408
13689612
17469179
2078553
23627122
6870892
18541645
30974375
13990215
24707857
20288443
14906117
29812860
23935006
27758548
30942641
28158594
30456759
2656487
12662994
11284494
27812527
28252443
17836517
32152393
28236945
18613666
23554390
23043574
34161109
370279
22960057
29252028
31407878
15866901
27270376
31622762
28740780
15162647
28195347
search?utf8=%E2%9C%93&commit=Search&work_search%5Bquery%5D=&work_search%5Btitle%5D=Assembly+of+Pain%2C+Happiness%2C+%26+Feelings.&work_search%5Bcreators%5D=&work_search%5Brevised_at%5D=&work_search%5Bcomplete%5D=&work_search%5Bcrossover%5D=&work_search%5Bsingle_chapter%5D=0&work_search%5Bword_count%5D=&work_search%5Blanguage_id%5D=&work_search%5Bfandom_names%5D=&work_search%5Brating_ids%5D=&work_search%5Bcharacter_names%5D=TommyInnit+%28Video+Blogging+RPF%29&work_search%5Brelationship_names%5D=&work_search%5Bfreeform_names%5D=&work_search%5Bhits%5D=&work_search%5Bkudos_count%5D=&work_search%5Bcomments_count%5D=&work_search%5Bbookmarks_count%5D=&work_search%5Bsort_column%5D=_score&work_search%5Bsort_direction%5D=desc#:~:text=Works%20List-,Assembly%20of%20Pain%2C%20Happiness%2C%20%26%20Feelings.,-by%20RandomlySane
31899376
22221163
31978786
1147421
19731253
25957888
15814020
7066996
26616427
19447315
26046058
31733914
23090143
12619184
4520205
33128767
25722511
16421201
24634954
31482626
24346537
299603
32854399
27154169
20693021
8163464
30265893
14451735
22535866
29993970
34111441
30979730
29306634
30915899
22517158
8179655
16729350
17882234
20380180
24546556
30359169
26731132
12664023
28485864
7138976
25241206
32511868
17820104
19227964
23859457
32030788
20456756
30401208
27669757
32542825
20443007
27448672
4797854
21421639
25723171
21294002
25627864
30679271
3867325
11012550
784213
30318522
24766570
20418047
5475863
598019
33210151
5849320
17342354
16399862
29443266
22919674
26187457
22642855
20118874
33489424
33562372
24691249
30646853
33420838
278395
7615531
3870211
28755084
5373050
25997320
23581942
4401734
4273890
29869677
12093777
33432256
12919386
23085400
6071350
24241987
1591592
23581780
19747093
17008503
28846980
24925561
34791103
31479263
17837954
20256982
5394665
31896778
7515700
30760346
23520670
28948578
7393054
13105560
20969189
34129708
25918189
10408971
11549211
21881491
26423458
22123033
29739654
22413373
24905410
29242680
472183
22322140
22990960
28854258
28414728
25414132
4852466
13040934
24700762
25601596
12292941
1031893
11886306
12848718
19191640
30685736
14165856
5678815
23472517
9466988
32394049
31359821
17292761
29478831
21861010
19084348
505906
29490420
10453449
29371794
164479
27533623
8308309
9718403
23779702
26409040
9300086
28842213
27605834
30690521
1984572
24924808
34334308
