33840850
33639346
22713616
29260137
35688319
28252443
33351994
17584976
27812527
7937086
12258063
25344355
18519313
30318522
22571980
12521824
26452945
32407657
31981339
35019583
12579668
19979299
34129708
32510176
30439779
20920643
1606547
27718529
36441523
23520670
35262118
28600548
505906
1031893
27461875
23417131
15467058
16504007
8555428
16348394
26225191
16658080
27803737
19836565
33128767
16641984
32371702
20935463
18863971
21089099
27605834
76861
14858726
33454669
4401734
6288376
12664023
34029076
15071123
14352696
7776559
24358252
29993970
12210708
27846530
13689612
23571643
37435171
24105631
26704795
5121464
23585149
28459854
32374201
26969008
17374679
30731570
25436386
28195347
23931013
10970949
472183
36366478
15814020
16037609
34257769
25433362
34988704
34985539
34533838
19150279
20380180
31407878
23353117
18709633
27184099
18226433
20292616
28948578
20836475
29595831
11549211
33136015
24798505
9168430
29866857
3891256
24215029
35060251
25723171
28139565
20142982
7045240
16975062
15921000
24662260
18901366
25601596
30265893
36754600
20874797
27994659
11879367
23383810
23313574
5986366
25818727
26001232
35148904
28485864
33886603
30879626
9300086
24262567
18619423
22884841
14451735
34899703
32049301
31482626
27740392
13627857
23650270
26090464
17051762
28699629
14055714
11681898
26428537
31373576
22057534
907332
29526558
407723
34010818
31081712
20409883
31882603
7515700
17217341
13883811
10772199
28460472
1075806
25916761
30419484
17686166
22640713
26560834
22989181
5821582
27077461
35820016
29674161
1470241
28094022
23185381
27009487
32650210
27772630
36278875
28464576
34587193
25262914
23017654
23176594
25295155
30760346
13354242
30188016
12054900
25329310
34182997
13142217
25511461
902480
23365429
26341411
30278670
15698094
24343024
26731132
32976130
31170737
31211666
16782487
20174284
29869677
20994917
22413373
29817390
28158168
29807550
15115712
19035343
28269354
31911022
5296850
20256982
24924808
24376396
7040089
29018835
13169109
27707462
29901264
1924179
15162647
19763116
19388836
20060752
30830084
17033792
31549007
28414728
18942745
23321323
27430390
24414376
22068040
518316
14293560
33905305
21709729
27858838
34781968
15199199
11615187
31114310
1103141
22919674
21815308
30715664
28467876
33432256
22060552
25787653
7239700
23239501
21383248
24067537
32908984
26616427
27470893
23679376
28038243
14906117
15487920
3156632
23135962
32345824
23993578
4776341
20958947
29478831
22002658
18407183
31622762
12093777
17762234
30353682
22109533
20868656
28401606
14094303
17147873
30573539
30832658
11203914
34334308
11659926
3870211
34127308
13865526
29121525
34552252
26191840
16399862
937084
34161109
27311278
816544
10659744
35156233
32542825
12914751
3100511
27726203
29725977
18613888
21861010
25138768
32544148
31212824
17820104
16627541
20177044
30317268
724645
35252215
750377
15799128
34790974
29914395
17342354
27465595
28643220
23348617
27661256
17837954
22519480
23083738
31899376
27806677
32854339
31250546
32079538
770581
2781206
35650879
11436096
23428786
19323070
26260066
5295506
22848817
21998470
24822373
24546556
30690521
611492
34897108
25825039
2506151
20171638
32239345
32554021
34345234
33656908
21373885
1877907
20772875
559409
27709703
17903480
26213038
11715180
31939423
34369231
27632648
30153540
260273
26558275
16365134
24634954
22028254
12292941
17481809
35388781
34102618
21318406
8308309
28846980
34500430
33705952
29135208
21057866
1147421
30116886
34801813
31733914
22176247
8213081
33745444
25722511
29490420
7497918
28836627
14779667
37755700
17106932
6395554
30915899
5678815
31141439
31927759
24766570
294995
27190000
36463321
21957355
19283281
3613170
18613666
602262
34471441
24346537
6910981
17906597
27470875
34234810
24963313
21391081
21859996
711386
21097151
10890888
25474642
32724652
21406744
30748412
29245938
24194614
28236945
6668860
23090143
11012550
3388781
34214023
19978294
28079223
30534084
23859457
22880818
33210151
33187711
20714669
31024604
33318781
18324761
28949799
639003
24103009
27910189
35605744
36120454
31546508
32803621
546446
22180816
34148671
17732855
10506978
26112073
24925561
35604706
29722659
7305565
34073449
28294683
20118874
14249571
9801101
34819819
29177388
27279745
27704731
22535866
36157378
19934053
17008503
9718403
22990960
32468755
28971186
34246933
21453481
5421695
26474023
17366012
18501697
33979027
23076982
20275129
23187580
32854399
13028844
27070534
28755084
895526
21376195
23517115
28581966
34165087
19507186
23175445
29252028
35255725
22917775
370279
20609393
30472134
21795435
31479263
24526141
11003814
37333618
1477357
14486850
28806891
19793818
4273890
19797841
20969189
35204929
13779063
21282278
14226009
12922311
19299481
26171239
30713072
19907140
3803950
36001096
14066796
26096470
31883989
33052027
20440910
26671084
11284494
20451308
28113402
33760603
23627122
16084103
34791103
37736677
25143577
24241987
493113
20109799
34162207
26623660
25800691
32956450
13541223
22123033
21074312
416100
32388553
34827493
32816746
18034658
35607448
30192873
11985126
170403
26071945
33158971
9318200
33037573
29443266
23293657
33568864
27878189
21891013
18194762
27072727
28587528
27187474
33937345
26873953
22810552
25771438
4852466
278395
27466582
20775059
23471554
30887135
20392885
20409166
35900713
29869341
21806002
25957888
21942946
18601522
11666820
1970511
33855862
32112331
5860717
22837393
13105560
4427987
18445322
33562372
18978298
19069612
25428055
31978786
111690
16267331
31396655
19432315
31238723
16421201
23956966
24632080
33420838
19801594
30600596
34581913
14165856
26046520
33279106
23184505
20211121
14705471
24216859
20293858
16440284
22653871
31683614
28840383
30794522
28132290
30679271
28594911
24613453
4394687
32645620
9488045
33670090
24848329
33492454
28842213
16555949
21910063
4012402
32234605
12033890
19118947
23635906
22421158
22607929
27699806
34189129
29660451
1508990
29237001
31859515
19271506
5475863
22847602
