23517115
26112073
31859515
34189129
21806002
20994917
30116886
21057866
3613170
26474023
28113402
34162207
23585149
33492454
29252028
16658080
29121525
29443266
23083738
34791103
30832658
25344355
35156233
20609393
11666820
33937345
23185381
20177044
33037573
29993970
33052027
22421158
10506978
1147421
34899703
28269354
17106932
31238723
31211666#main
76861
13779063
24924808
28836627
20256982
33318781
28464576
559409
13541223
21453481
28459854
32854339
18226433
31683614
29135208
32956450
816544
23571643
28460472
32542825
602262
12054900
25825039
27311278
27661256
29901264
25262914
34129708
21795435
37620745
34073449
32112331
33158971
30794522
34581913
28139565
26623660
32374201
34182997
18613666
18901366
27072727
21383248
25722511
28948578
24376396
23428786
21376195
33760603
15071123
22990960
34010818
31407878
20874797
23471554
111690
35262118
35605744
35019583
21815308
14486850
7305565
28414728
30472134
28401606
23187580
30731570
23956966
34029076
14249571
16975062
21318406
31482626
2781206
34801813
22607929
32388553
27707462
639003
7776559
17217341
32650210
7045240
36120454
21373885
18445322
19907140
29237001
31546508
35650879
6668860
23859457
19271506
19150279
20409883
23520670
25957888
5421695
28079223
895526
31114310
20920643
30600596
32049301
16440284
14066796
30439779
20174284
17906597
19793818
35388781
20109799
18324761
17762234
33745444
25723171
1970511
30715664
25433362
4852466
30353682
28840383
31396655
19118947
26452945
5678815
36157378
20293858
25601596
7937086
32345824
21957355
33454669
12521824
33639346
25916761
21859996
36001096
24925561
26260066
22640713
24105631
11879367
28587528
36463321
32544148
30573539
32724652
24766570
9168430
29725977
22060552
13865526
14226009
17008503
12033890
22028254
21998470
32259937
20568731
11203914
19507186
8308309
24194614
31911022
32816746
23931013
28971186
27878189
31081712
23365429
34161109
17051762
33136015
27806677
30760346
16782487
35820016
11715180
7040089
33562372
34985539
21861010
3100511
30534084
22519480
27858838
22884841
37755700
28600548
13883811
12579668
20714669
10970949
370279
35252215
34819819
31250546
34988704
20380180
29869341
170403
30713072
22535866
34897108
29914395
13689612
22176247
33128767
27772630
20958947
15467058
33905305
33568864
26090464
30915899
27465595
31622762
11284494
9318200
20935463
13142217
294995
25428055
15814020
15162647
24632080
29260137
30679271
22571980
18519313
28842213
17366012
22057534
27461875
20868656
33351994
21910063
34533838
22109533
19836565
14705471
19979299
34334308
24662260
28094022
6910981
22499917
3388781
1075806
12914751
24307858
1477357
34234810
15115712
23176594
29807550
18613888
16084103
33432256
29526558
20142982
27077461
1606547
28467876
20211121
21282278
13169109
5821582
30278670
11436096
23313574
24613453
33187711
22713616
13028844
28949799
493113
32645620
14858726
7239700
16627541
23650270
35604706
27470893
26046520
16267331
28485864
20275129
33886603
19323070
32908984
937084
34790974
34127308
34587193
23383810
27994659
26096470
24634954
17820104
27605834
28806891
4394687
26191840
16641984
28699629
27632648
27009487
25818727
26671084
19299481
25474642
14451735
29490420
37333618
23076982
407723
23321323
21406744
21942946
13354242
22847602
17481809
26731132
23348617
32854399
31899376
31479263
22919674
20060752
22002658
36278875
32371702
26704795
25800691
35255725
33656908
18501697
32234605
30153540
20440910
18194762
28252443
10659744
20772875
34148671
724645
22413373
12093777
9801101
5860717
32510176
10890888
15487920
12258063
32803621
27699806
4012402
19934053
22653871
34552252
33979027
19035343
750377
22989181
3870211
31373576
35688319
24822373
19388836
24241987
20451308
34500430
16421201
23017654
4427987
28158168
36754600
34781968
26225191
19283281
11681898
27279745
22837393
17837954
23293657
15199199
12292941
711386
27910189
27846530
1924179
17732855
260273
17342354
28581966
24798505
20775059
22123033
21709729
30748412
18709633
34257769
34471441
26616427
34369231
13105560
26969008
31927759
35060251
29866857
33855862
27812527
9718403
35900713
14094303
14779667
25436386
28594911
9300086
32968021?view_full_work=true#main
17374679
19797841
14352696
23993578
34345234
29869677
1877907
3891256
3803950
18619423
12210708
31978786
16348394
29478831
9488045
30318522
5295506
26213038
33840850
17903480
505906
27718529
472183
37435171
16681756
24216859
7515700
23090143
8555428
30887135
28643220
27726203
28294683
23417131
31024604
29722659
25329310
26558275
24963313
8213081
15698094
12922311
25771438
31733914
11985126
31211666
24546556
5986366
907332
20171638
12664023
30419484
23184505
32554021
27184099
19432315
36366478
17147873
20392885
27190000
20409166
18863971
29674161
14165856
13627857
19069612
25295155
34165087
11615187
22848817
32976130
25143577
28755084
32474167
30188016
611492
25787653
35204929
31212824
4776341
33488392
31939423
23175445
23679376
24848329
27470875
30317268
11549211
15921000
27430390
24346537
28132290
26171239
26560834
35607448
26873953
29018835
11043045
32407657
27740392
18407183
33210151
6288376
31170737
11659926
31883989
18601522
20969189
34827493
14055714
24414376
30265893
20836475
23135962
23635906
6395554
18034658
34246933
27466582
37736677
24215029
30879626
518316
22180816
770581
28236945
24343024
14906117
30690521
33420838
32239345
5121464
27709703
10772199
25138768
17584976
26071945
19801594
24358252
19763116
18942745
902480
27803737
28038243
31981339
11012550
31549007
16365134
31141439
11003814
16399862
416100
7497918
4401734
19978294
22917775
14293560
26428537
22810552
30821849
28195347
32079538
5296850
22068040
21097151
1508990
24262567
27704731
20292616
278395
24526141
21074312
31882603
34214023
18978298
23353117
33670090
24067537
16037609
32468755
30192873
22164058
16504007
15799128
25511461
24103009
33705952
16555949
29245938
26001232
34102618
4273890
28846980
1103141
1470241
1031893
33279106
17033792
26341411
5475863
21391081
27187474
20118874
29177388
22880818
29817390
29660451
23239501
23627122
17686166
21089099
3156632
2506151
36441523
30830084
29595831
546446
27070534
21891013
35148904
