19150279
27190000
20211121
31024604
15071123
27709703
33886603
22884841
7937086
1924179
21453481
407723
17820104
170403
4394687
11436096
18978298
32650210
33128767
28252443
26623660
20380180
28587528
9318200
4273890
25800691
23520670
26671084
21383248
14226009
24613453
34587193
17584976
19907140
8555428
278395
23635906
22810552
27184099
24358252
23471554
32976130
29252028
31546508
13142217
25825039
14451735
8213081
750377
639003
23353117
20440910
27704731
32112331
7045240
2781206
21074312
28038243
23627122
23365429
25262914
22176247
23859457
34827493
5296850
33492454
21859996
20451308
30713072
34102618
24414376
26071945
24216859
30439779
18619423
9718403
14165856
816544
22607929
14858726
5678815
22413373
29260137
24848329
27707462
31622762
25143577
19323070
25344355
27470875
23175445
30748412
1147421
260273
472183
26616427
20609393
11879367
32079538
28139565
34790974
33568864
13541223
20060752
294995
19763116
26428537
27632648
31482626
16555949
1031893
32468755
559409
15487920
30830084
23185381
28948578
27910189
32239345
21861010
1103141
21376195
16348394
29866857
29725977
27858838
4401734
30600596
21318406
28600548
32554021
15115712
30278670
30573539
21406744
29817390
7040089
33905305
27878189
22917775
32510176
33187711
32908984
11715180
29018835
24241987
22057534
16399862
25138768
22421158
3388781
34073449
30731570
34148671
2506151
13354242
19432315
30679271
27772630
27465595
23135962
28460472
23090143
33052027
27718529
28755084
21957355
22123033
24766570
25771438
16641984
32374201
26090464
22713616
3100511
28459854
14249571
30419484
28846980
31683614
20868656
29674161
24546556
12258063
24925561
27077461
23931013
13028844
9300086
16365134
31407878
34010818
29595831
10890888
14352696
21806002
35604706
22837393
11549211
32803621
17837954
13105560
32049301
29177388
31733914
16782487
32234605
30760346
1470241
12922311
17686166
34182997
33639346
4427987
34791103
23679376
30353682
15162647
17342354
10659744
26001232
28158168
11659926
34471441
21709729
25957888
27740392
25474642
29478831
28949799
28236945
9801101
29660451
3613170
902480
21391081
22640713
493113
22060552
33037573
505906
30915899
11012550
416100
27009487
20775059
35262118
22653871
22848817
13865526
17481809
28132290
28094022
24103009
1606547
15814020
34234810
22880818
12579668
8308309
33420838
20118874
10506978
32956450
16504007
34334308
34533838
33432256
23239501
30188016
5860717
3156632
26225191
14906117
21815308
19271506
29526558
28581966
33937345
11666820
34246933
25723171
27311278
22180816
19934053
14486850
21891013
24346537
27605834
28840383
30832658
28971186
14066796
21910063
30887135
15199199
13169109
28294683
34161109
21998470
7497918
19069612
26704795
27430390
21795435
28485864
20836475
15467058
24215029
27070534
31114310
24632080
16267331
5421695
29722659
13779063
23313574
26046520
20392885
34029076
33979027
23187580
16627541
1477357
14094303
1970511
20256982
7515700
23076982
22919674
18863971
28195347
14779667
31978786
17008503
5121464
14055714
25295155
370279
20142982
35252215
7305565
611492
1075806
24526141
13627857
26731132
31396655
19283281
3870211
23383810
26213038
20409883
32542825
23650270
30879626
30690521
16037609
27661256
12914751
1877907
28594911
36001096
28842213
33562372
26112073
24376396
16421201
12093777
34988704
17374679
11985126
33745444
33279106
18519313
29443266
30715664
32407657
15921000
15698094
18501697
24924808
27803737
25329310
31939423
14705471
11284494
17903480
33454669
25436386
7239700
22535866
3891256
27994659
27470893
22028254
23017654
111690
30534084
31250546
32854399
12521824
25601596
23428786
12054900
31479263
22068040
14293560
30318522
17906597
19035343
17762234
4852466
20174284
24194614
24963313
24662260
19979299
19388836
27846530
28414728
24798505
19507186
937084
26171239
16440284
20969189
29993970
13689612
34819819
30153540
27279745
23993578
5986366
27726203
23571643
25916761
33210151
32544148
22109533
10772199
5475863
30265893
30472134
26969008
35148904
26096470
23176594
23348617
907332
22990960
16084103
20935463
16975062
23321323
29237001
6668860
12292941
33136015
29914395
28836627
18613888
5295506
26191840
29490420
25722511
18942745
17732855
32371702
23184505
16658080
18613666
17033792
34345234
33158971
35204929
546446
4776341
35156233
30317268
3803950
20874797
10970949
31081712
24634954
24822373
76861
21097151
33670090
12664023
17051762
18194762
30794522
12033890
6288376
21089099
29869677
31899376
35019583
25428055
29121525
21942946
31373576
27812527
31882603
22847602
31549007
11615187
34129708
26873953
