20714669
27187474
37736677
20772875
34819819
22880818
34801813
9488045
31211666
32724652
22002658
27466582
9391280
31211666
37435171
680752
895526
1508990
23956966
31911022
29807550
28269354
26260066
25818727
34214023
22164058
29869341
36754600
20293858
33656908
711386
27279745
9168430
32474167
30821849
29605347
28467876
21815308
770581
37333618
1323562
6395554
32259937
36278875
24307858
20568731
35060251
35019583
24067537
13883811
16681756
33488392
7066996
598019
37755700
6910981
22499917
24987124
724645
29674161
22519480
12210708
776603
7776559
19836565
33318781
29901264
11043045
31927759
32968021
37620745
34799452
32645620
34500430
35605744
33760603
23293657
23517115
35900713
34897108
16421201
34010818
26560834
21373885
1984572