76861
106190
111690
164479
170403
240930
260273
278395
294995
299603
334817
346736
370279
407723
416100
438516
472183
493113
505677
505906
507700
518316
546446
559409
602262
611492
639003
680805
735953
750377
784213
816544
845183
864864
902480
907332
937084
1031893
1075806
1103141
1147421
1470241
1477357
1591592
1606547
1610018
1695350
1877907
1924179
1970511
2078553
2268507
2506151
2656487
2679206
2781206
3100511
3156632
3257885
3388781
3459731
3613170
3670266
3730363
3762757
3803950
3867325
3870211
3891256
3907021
3963862
4012402
4273890
4394687
4401734
4427987
4520205
4776341
4797854
4852466
5030443
5121464
5295506
5296850
5373050
5394665
5421695
5475863
5678815
5818693
5821582
5849320
5860717
5962915
5986366
6071350
6288376
6414745
6559228
6559960
6668860
6814000
6870892
7040089
7045240
7061515
7084504
7138976
7239700
7305565
7322935
7353028
7392847
7393054
7497918
7515700
7615531
7812790
7937086
8163464
8179655
8213081
8308063
8308309
8339524
8555428
8590750
8748340
9238637
9300086
9318200
9466988
9565196
9578435
9718403
9801101
9841367
10263101
10304777
10333187
10408971
10414140
10453449
10488882
10506978
10521585
10544868
10572492
10659744
10745151
10772199
10799406
10890888
10970949
11003814
11012550
11032653
11072238
11136081
11203914
11252559
11270490
11284494
11422803
11436096
11504721
11512872
11549211
11615187
11659926
11666820
11681898
11715180
11879367
11886306
11985126
12033890
12054900
12093777
12258063
12292941
12424332
12470332
12521824
12579668
12619184
12662994
12664023
12734052
12848718
12914751
12919386
12922311
12988137
13028844
13040934
13091526
13105560
13142217
13165845
13169109
13241154
13354242
13460625
13541223
13604544
13612404
13627857
13689612
13779063
13834353
13865526
13933635
13990215
14033613
14055714
14066796
14094303
14165856
14226009
14249571
14293560
14345130
14352696
14451735
14486850
14693193
14705471
14779667
14831141
14858726
14906117
15071123
15115712
15118700
15124007
15130205
15162647
15199199
15212723
15233106
15255063
15294237
15319668
15467058
15475770
15487920
15698094
15795501
15799128
15814020
15866901
15883569
15919089
15921000
15995492
16023554
16037609
16079666
16084103
16138103
16139069
16267331
16348394
16365134
16399862
16440284
16443053
16481090
16504007
16523912
16555949
16616795
16627541
16641984
16658080
16659493
16685326
16729350
16782487
16854160
16975062
16982175
17008503
17033792
17051762
17053889
17055632
17106932
17147873
17166020
17217341
17292761
17342354
17366012
17374679
17469179
17481809
17568758
17584976
17656484
17681291
17685167
17686166
17732855
17762234
17804114
17820104
17836517
17837954
17882234
17890052
17903480
17906597
17968064
18034658
18068939
18194762
18226433
18324761
18407183
18407444
18445322
18487150
18501697
18519313
18541645
18589570
18601522
18613666
18613888
18619423
18709633
18740443
18775144
18863971
18874498
18901366
18942745
18965794
18978298
18993361
19035343
19068442
19069612
19084348
19118947
19150279
19191640
19227964
19271506
19283281
19299481
19323070
19350961
19388836
19432315
19447315
19507186
19731253
19747093
19761364
19763116
19768255
19793818
19797841
19801594
19907140
19934053
19978294
19979299
20012770
20038312
20040961
20060752
20109799
20118874
20128243
20142982
20171080
20171638
20174284
20177044
20204767
20211121
20216506
20239129
20256982
20275129
20288443
20292616
20380180
20392885
20409166
20409883
20418047
20432597
20440910
20443007
20451308
20456756
20565005
20567498
20609393
20620334
20640884
20693021
20721824
20775059
20836475
20868656
20874797
20908076
20920643
20921720
20935463
20958947
20969189
20994917
21004607
21057866
21074312
21089099
21097151
21150389
21282278
21294002
21297146
21308943
21318406
21318418
21328612
21376195
21383248
21391081
21406744
21421639
21431803
21453481
21453625
21456370
21617338
21672928
21709729
21742876
21795435
21806002
21808213
21809875
21815875
21847510
21859996
21861010
21881491
21891013
21910063
21942946
21947791
21957355
21998470
22028254
22057534
22060552
22068040
22073737
22109533
22116364
22123033
22130110
22137838
22176247
22180816
22221163
22307176
22322140
22348042
22356097
22365040
22413373
22421158
22438099
22445740
22517158
22535866
22571980
22607929
22640713
22642855
22653871
22713616
22714810
22810552
22827064
22837393
22847602
22848817
22884841
22898779
22917775
22919674
22960057
22989181
22989676
22990960
23017654
23043574
23044321
23076982
23083738
23085400
23090143
23135962
23156497
23175445
23176594
23184505
23185381
23187580
23206819
23239024
23239501
23275189
23313574
23319187
23321323
23326366
23348617
23348836
23351494
23353117
23365429
23383810
23417131
23428786
23442430
23453311
23459821
23471554
23472517
23520670
23522767
23524942
23541145
23547772
23554390
23571643
23581780
23581942
23585149
23609689
23609749
23624704
23627122
23635906
23650270
23657293
23679376
23685658
23696347
23732584
23766619
23779702
23810251
23818510
23850361
23859457
23931013
23935006
23939416
23951533
23961145
23973340
23993578
24103009
24105631
24110341
24111895
24168637
24194614
24213475
24215029
24216859
24231487
24241987
24262567
24278113
24315364
24318004
24339220
24343024
24346537
24358207
24358252
24376201
24376396
24378940
24401746
24414376
24526141
24546556
24559009
24579031
24587365
24613408
24613453
24632080
24634399
24634954
24662260
24691249
24700762
24707857
24743242
24756952
24766570
24779452
24798505
24822373
24848329
24854467
24864346
24872824
24887110
24887557
24892276
24905410
24924808
24925561
24963313
25022086
25026529
25036408
25057393
25068775
25138768
25143577
25241206
25262914
25295155
25329310
25344355
25386817
25414132
25415320
25428055
25433362
25436386
25474642
25511461
25582654
25601596
25625587
25627864
25722511
25723171
25726075
25759528
25771438
25787653
25800691
25825039
25885264
25916761
25918189
25957888
25997320
26001232
26007388
26046058
26046520
26071945
26090464
26096470
26112073
26132014
26143228
26171239
26187457
26191840
26213038
26225191
26241559
26341411
26409040
26423458
26428537
26452945
26474023
26477992
26513050
26533249
26558275
26597317
26616427
26623660
26671084
26704795
26709565
26731132
26761132
26829091
26873953
26969008
26996080
27009487
27070534
27072727
27077461
27099160
27130303
27154169
27176633
27184099
27190000
27200015
27200197
27242095
27246313
27270376
27310006
27311278
27375052
27390661
27430390
27448672
27461875
27465595
27470875
27470893
27528220
27533623
27565495
27569152
27570775
27605834
27609085
27632648
27637358
27661256
27669757
27677980
27699806
27704731
27707462
27709703
27718529
27723368
27726203
27740392
27745438
27758548
27772630
27803737
27806677
27812527
27846530
27858838
27878189
27910189
27918628
27952019
27960383
27994659
28005069
28038243
28045056
28079223
28094022
28097457
28113402
28132290
28139565
28158168
28158594
28174443
28192002
28195347
28213563
28236945
28237845
28252443
28294683
28370217
28401606
28414728
28459854
28460472
28464576
28475310
28485864
28510488
28581966
28587528
28594911
28600548
28643220
28699629
28740780
28755084
28806891
28836627
28840383
28842213
28846980
28854258
28948578
28949799
28965846
28971186
29018835
29038095
29069109
29091798
29121525
29135208
29177388
29194440
29237001
29242680
29245938
29252028
29259162
29260137
29269710
29278248
29281773
29306634
29371794
29399964
29443266
29478831
29490420
29526558
29595831
29613219
29660451
29709597
29722659
29725977
29728164
29739654
29812860
29817390
29866857
29869677
29914395
29943726
29962410
29993970
30116886
30121149
30153540
30158220
30188016
30192873
30251604
30265893
30278670
30317268
30318522
30344592
30353682
30359169
30401208
30419484
30436956
30439779
30456759
30472134
30526023
30531918
30534084
30571457
30573539
30600596
30604055
30646853
30679271
30685736
30690521
30713072
30715664
30731570
30748412
30760346
30778067
30794522
30812612
30830084
30832658
30879626
30887135
30915899
30931553
30942641
30974375
30978575
30979730
31024604
31074875
31081712
31101005
31114310
31141439
31170737
31212824
31238723
31250546
31305632
31359821
31373576
31396655
31407878
31479263
31482626
31492499
31493666
31546508
31549007
31622762
31683614
31733914
31787320
31811008
31859515
31862674
31869289
31882603
31883989
31896778
31899376
31939423
31952998
31962421
31978786
31981339
32030788
32049301
32079538
32112331
32152393
32234605
32239345
32345824
32357539
32371702
32374201
32388553
32394049
32407657
32468755
32504140
32510176
32511868
32528635
32542825
32544148
32554021
32613736
32650210
32803621
32816746
32854339
32854399
32908984
32956450
32976130
33037573
33052027
33128767
33136015
33158971
33187711
33210151
33268057
33279106
33351994
33420838
33432256
33454669
33489424
33492454
33562267
33562372
33568864
33639346
33670090
33705952
33745444
33840850
33855862
33865852
33886603
33905305
33921814
33937345
33962368
33979027
34029076
34073449
34102618
34111114
34111441
34122838
34127308
34129708
34134610
34148671
34161109
34162207
34165087
34182997
34189129
34192108
34234810
34246933
34257769
34334308
34345234
34369231
34471441
34533838
34552252
34569880
34581913
34587193
34781968
34790974
34791103
34827493
34899703
34985539
34988704
35148904
35156233
35204929
35214754
35252215
35255725
35262118
35388781
35604706
35607448
35650879
35688319
35820016
36001096
36120454
36157378
36366478
36441523
36463321