26096470
34111114
13028844
22356097
28158168
32908984
11284494
1031893
13460625
5421695
18613666
3803950
24318004
26409040
16729350
26969008
21957355
23351494
15883569
28094022
23044321
5986366
14066796
22137838
19747093
416100
28846980
31962421
7497918
260273
25344355
507700
26513050
27200015
24213475
29722659
10333187
30158220
23859457
23541145
20432597
31396655
32504140
370279
33210151
27960383
29245938
32511868
19068442
29866857
32407657
21453481
13105560
34010818
34111441
22653871
14906117
23635906
23818510
28854258
30679271
19447315
26616427
20204767
31981339
20565005
28740780
9238637
7393054
35148904
23581780
20239129
31862674
5296850
20567498
23090143
31882603
16685326
34102618
24579031
25329310
30748412
26477992
18993361
29018835
17685167
3870211
12292941
546446
31024604
34246933
23326366
27637358
33905305
12662994
23766619
20060752
26623660
30344592
29993970
20868656
36120454
24401746
18709633
33492454
21004607
11681898
13165845
19118947
22180816
32357539
23459821
13604544
17106932
27910189
21806002
24194614
16975062
29237001
22438099
31896778
28139565
30685736
31373576
32554021
15130205
33128767
34988704
28460472
18978298
19388836
15115712
20456756
8308309
24103009
3762757
30278670
22109533
7812790
34552252
26452945
25722511
22827064
21057866
32528635
1924179
10521585
17890052
21617338
21809875
26143228
30760346
16421201
17374679
17584976
24262567
17686166
10263101
21421639
26191840
30472134
4394687
29943726
25771438
25787653
23935006
30646853
25415320
16659493
31546508
24378940
22848817
27745438
28132290
34791103
34781968
29812860
23319187
13865526
33136015
26007388
23547772
19797841
25918189
30715664
29962410
22989676
27130303
23524942
602262
25428055
1984572
29069109
25436386
12579668
680752
34819819
3730363
21383248
21998470
170403
22028254
16138103
27390661
35820016
12914751
24111895
20969189
10970949
18407183
27154169
24707857
21431803
24766570
34257769
17906597
22421158
29739654
11879367
16399862
20292616
5394665
22060552
27707462
19350961
24315364
23810251
10745151
29490420
33979027
505906
25625587
21376195
29259162
12988137
17217341
28294683
7066996
33921814
639003
20174284
14226009
24414376
34234810
30318522
8555428
11666820
23696347
32816746
32542825
23472517
14094303
20142982
32234605
15487920
24892276
22642855
25825039
27858838
12664023
8179655
27070534
11886306
27723368
6559228
29478831
27609085
33840850
34182997
32345824
1470241
6288376
19069612
816544
22348042
24662260
24887110
17837954
23939416
30192873
18487150
22917775
29526558
35252215
20392885
24231487
31238723
6414745
31883989
2679206
27806677
1103141
30534084
22445740
33562372
8213081
15319668
1147421
11659926
16139069
21297146
25997320
11270490
15919089
27430390
28806891
32030788
33562267
27758548
13627857
27176633
22607929
864864
30121149
9578435
23156497
17055632
17681291
14033613
19507186
20920643
33745444
17166020
34790974
32152393
17836517
20721824
23453311
5818693
10659744
21318418
34799452
3459731
15071123
20874797
17292761
16440284
27726203
29177388
14165856
24798505
30265893
26046520
30979730
31787320
31811008
26341411
13091526
22073737
24987124
32371702
25143577
34148671
10544868
28699629
18863971
27661256
28965846
4776341
10304777
1877907
33268057
23187580
28174443
3613170
22837393
4797854
33705952
9466988
24358207
26132014
19761364
20288443
28236945
30931553
23206819
31952998
14779667
22221163
23650270
24613453
26709565
16481090
14486850
23321323
11003814
25022086
294995
21308943
24634954
23581942
27704731
31899376
7061515
28594911
26761132
31101005
18965794
16079666
23135962
24216859
334817
3891256
29260137
28485864
33489424
36157378
27718529
21328612
18194762
2781206
28370217
29660451
12619184
23520670
31114310
31622762
21795435
1695350
24376201
17762234
30401208
24632080
35214754
19763116
28949799
28475310
23017654
29399964
31305632
15118700
18445322
23043574
27952019
24346537
20935463
27878189
15294237
21861010
11436096
33432256
2078553
17481809
30690521
29281773
31492499
23348617
13040934
27279745
1606547
21815308
16627541
22880818
22116364
6814000
784213
16267331
21709729
23275189
30830084
1477357
20609393
240930
17804114
34161109
21942946
4012402
23383810
13541223
26671084
32613736
19299481
27009487
24872824
24700762
34122838
12258063
34985539
31081712
30887135
10453449
34345234
12033890
13169109
18501697
21742876
26225191
21910063
29278248
19191640
31733914
14293560
33865852
28195347
7305565
9841367
25957888
23961145
21947791
24343024
23239024
26704795
30778067
24613408
9318200
23624704
15212723
24110341
24743242
21391081
27846530
29135208
776603
23951533
29725977
28414728
34899703
19271506
7239700
23175445
18740443
19432315
5821582
7045240
1610018
16555949
23554390
33568864
598019
8308063
19934053
20693021
20958947
25726075
35388781
28237845
20109799
20409883
111690
19768255
26423458
21318406
25582654
518316
10414140
23609689
25138768
27242095
36001096
750377
28459854
7392847
10772199
34827493
34581913
35262118
23732584
278395
35688319
7322935
32239345
22413373
20620334
25262914
21074312
16023554
26090464
18226433
22713616
30832658
26112073
34073449
33158971
20128243
12054900
28600548
22307176
28038243
10408971
23609749
30978575
17366012
34569880
11252559
24339220
22714810
25723171
27072727
23085400
20994917
3867325
24691249
19731253
22123033
10572492
559409
30456759
407723
30794522
21150389
8590750
17147873
29038095
29269710
25241206
32394049
31141439
16854160
21406744
31493666
3963862
20012770
30116886
346736
24358252
22130110
20171638
28971186
32854339
28252443
505677
16616795
26071945
29728164
19283281
22919674
17968064
15124007
15475770
27448672
23348836
15233106
28755084
19035343
21859996
24526141
36366478
3257885
4852466
30531918
30353682
23353117
15814020
24376396
16782487
22068040
24854467
27270376
17732855
31978786
21089099
35255725
15799128
25885264
23779702
23239501
27461875
17008503
22847602
26428537
20451308
7353028
24963313
7040089
33886603
25414132
21294002
22810552
28510488
32854399
5373050
31859515
33855862
1075806
13241154
20640884
27375052
22322140
19323070
30974375
31549007
27533623
27803737
34334308
28005069
30153540
611492
27569152
23571643
20275129
26873953
34162207
21815875
25433362
17656484
23973340
35156233
16658080
8748340
30731570
20038312
26046058
9718403
14345130
14249571
32374201
27310006
31869289
32544148
29443266
30915899
28213563
22640713
18775144
6668860
20775059
15995492
32388553
14055714
16443053
11072238
24925561
26597317
106190
26731132
29242680
31482626
28192002
7615531
29371794
23083738
33037573
24779452
6870892
34533838
27605834
164479
3100511
32112331
23931013
31683614
33052027
27190000
11715180
11512872
13354242
21282278
14858726
29194440
20211121
30713072
18942745
28401606
5678815
11422803
735953
23657293
17053889
29869677
25386817
20440910
2656487
27465595
26171239
34134610
5962915
33639346
31250546
6559960
23428786
22176247
3156632
32468755
22960057
21456370
35019583
36441523
12848718
27470893
27994659
22990960
27669757
28097457
14451735
28840383
15866901
4427987
4273890
24756952
25057393
32976130
31479263
29709597
472183
10506978
23076982
20443007
25759528
30439779
18901366
17469179
20380180
33962368
4401734
16523912
33279106
34471441
13933635
22571980
25295155
33454669
27677980
17051762
16084103
32956450
27565495
10890888
23679376
27812527
18324761
31359821
29605347
13834353
20177044
22898779
19793818
24864346
32650210
23993578
13612404
21097151
11032653
15162647
24634399
28587528
3670266
14352696
27184099
20908076
8163464
26996080
35204929
5860717
19979299
7937086
27200197
21891013
23176594
27570775
13990215
27077461
13779063
28158594
23522767
29674161
27709703
17882234
22057534
27311278
17033792
12922311
20256982
28464576
25601596
76861
26558275
5295506
16365134
22365040
28836627
845183
6071350
22535866
18613888
12093777
26001232
34189129
20409166
12521824
27772630
30812612
12424332
17820104
13689612
5030443
18589570
25068775
3907021
1508990
24546556
24887557
29914395
30573539
18068939
20921720
34165087
9801101
22884841
32510176
19978294
11615187
27918628
36463321
12470332
299603
20040961
24822373
22517158
2506151
24587365
21453625
24215029
34129708
25916761
29613219
25511461
12919386
1591592
18619423
17903480
26474023
25627864
2268507
14831141
16037609
27246313
16348394
21672928
30571457
23313574
23850361
28948578
32803621
14693193
19801594
11504721
22989181
17342354
18407444
30251604
27470875
30317268
31170737
680805
7138976
7084504
28079223
11549211
35607448
8339524
11985126
11012550
15255063
18519313
15199199
30419484
20171080
27740392
23184505
9300086
21881491
24168637
30942641
23442430
35650879
35604706
20118874
23365429
29595831
20836475
11136081
23685658
29817390
31212824
23627122
32079538
27099160
33670090
28842213
24924808
28643220
23417131
27528220
30359169
33351994
34192108
33937345
30526023
15921000
12734052
24559009
25800691
16504007
30879626
34587193
9565196
1323562
19227964
26829091
937084
24848329
902480
29091798
18034658
30600596
24105631
30604055
17568758
10799406
3388781
27632648
14705471
15795501
15467058
19150279
20418047
31407878
31939423
24905410
18541645
10488882
21847510
26241559
34029076
30188016
26213038
28045056
16982175
19907140
1970511
34369231
20216506
25026529
25036408
11203914
16641984
33187711
27699806
24241987
25474642
23185381
15698094
21808213
7515700
29306634
5475863
29121525
23471554
31074875
4520205
23585149
19084348
28581966
29252028
33420838
5849320
13142217
26187457
493113
18601522
30436956
32049301
907332
18874498
26533249
5121464
28113402
438516
24278113
34127308
