17890052
19432315
34781968
33210151
21150389
8163464
19793818
23520670
35262118
28079223
12424332
10659744
22827064
24798505
15487920
21947791
19299481
12033890
24925561
11549211
27009487
1924179
31811008
19227964
5678815
21957355
29722659
24892276
28195347
17374679
26558275
30251604
11615187
11136081
28485864
13865526
35820016
26112073
28414728
34102618
18901366
22123033
10970949
6668860
23176594
26477992
19084348
12919386
23184505
505906
518316
21431803
30748412
22713616
33489424
33187711
22060552
30188016
33279106
19768255
32650210
23850361
32374201
507700
11003814
16023554
24546556
29526558
33420838
12734052
14906117
29194440
33979027
7061515
20935463
2268507
25627864
34161109
13142217
29478831
22073737
3870211
15799128
21282278
30401208
111690
5821582
7066996
28971186
1323562
28005069
30931553
30778067
34587193
27390661
25601596
680752
14094303
16348394
1970511
7497918
29866857
18874498
260273
23973340
21617338
25295155
23135962
23581780
25759528
11270490
2656487
9801101
23657293
27772630
9300086
21815308
19747093
27952019
27846530
20392885
28252443
23365429
31546508
12914751
20060752
28594911
3388781
12521824
23609749
27099160
8179655
24194614
29259162
32112331
32504140
24613408
299603
546446
11666820
17166020
12292941
24168637
18613888
23275189
16627541
27709703
27072727
27375052
35204929
24766570
7045240
24700762
36001096
24634399
15467058
16555949
11879367
27994659
18541645
17686166
22445740
1147421
23571643
32554021
14226009
28139565
24376396
10506978
20038312
33639346
27878189
24278113
18407444
25057393
27533623
31896778
22714810
559409
17217341
19350961
19271506
17762234
26143228
27461875
23156497
33745444
17481809
22640713
29914395
21910063
8308309
28237845
31899376
18068939
20567498
24401746
16504007
18501697
27704731
13541223
30879626
23353117
32468755
3459731
11072238
29237001
5296850
28094022
34819819
15919089
32510176
22057534
21391081
19801594
23348617
937084
30690521
1610018
23321323
23085400
23187580
27279745
19069612
28740780
27565495
32049301
20451308
26623660
7937086
776603
36366478
13604544
23627122
33492454
28236945
34791103
27637358
32079538
33568864
3891256
23766619
17681291
26671084
20921720
1606547
28949799
493113
26409040
21097151
31683614
22413373
19388836
22989181
23732584
29242680
30153540
11032653
29817390
11681898
23624704
29613219
34134610
1477357
16659493
16729350
17820104
30679271
35252215
26007388
31396655
32908984
18519313
27707462
16975062
27430390
17656484
1591592
16481090
12093777
34148671
20440910
34182997
24559009
29709597
31869289
816544
16443053
10488882
16079666
25415320
14486850
23417131
27726203
15115712
11659926
23348836
11012550
28045056
28132290
29869677
26187457
29943726
30715664
30600596
18194762
33052027
17685167
30794522
25026529
18965794
10890888
27200015
34111114
21004607
34111441
5962915
13241154
33037573
35388781
23993578
11203914
26090464
5475863
902480
27806677
15071123
31622762
29725977
31479263
29245938
3156632
14066796
26132014
29135208
34073449
29278248
10408971
34162207
16037609
30979730
22847602
32407657
22880818
22642855
32816746
15294237
30978575
31024604
24905410
30265893
2078553
25329310
10544868
23206819
106190
16138103
21376195
21308943
3257885
22176247
27723368
170403
25771438
25722511
33562372
750377
845183
20040961
27311278
27960383
14055714
14249571
20211121
5421695
31141439
27310006
33454669
346736
29674161
25138768
24864346
31238723
14705471
18863971
26341411
26213038
30974375
28846980
21998470
24315364
20721824
10521585
23185381
21406744
24756952
18978298
34129708
29812860
20109799
15995492
20409883
36120454
28510488
22810552
25723171
31952998
4273890
23083738
27130303
29739654
10263101
31981339
34799452
23319187
1103141
6559228
30685736
27609085
36157378
27070534
23931013
1031893
12922311
20620334
32394049
26225191
30832658
33937345
1695350
24887557
6071350
28842213
33840850
26873953
22653871
33705952
12988137
4427987
23547772
21815875
27570775
25068775
34234810
18993361
9238637
16267331
28192002
16084103
20775059
21453625
24822373
33921814
35019583
21456370
17882234
505677
34334308
23541145
25997320
13354242
24587365
18709633
15921000
15795501
23239024
23609689
24526141
29269710
25436386
294995
7084504
24707857
24231487
9578435
1508990
25918189
24103009
31114310
11252559
34029076
30419484
33855862
12470332
11512872
32544148
3762757
20174284
29306634
30531918
27745438
26533249
14033613
32956450
22307176
29091798
29260137
21861010
34189129
23453311
25474642
28806891
33432256
24887110
30830084
24216859
18324761
598019
7239700
26474023
31305632
19191640
26616427
20142982
28464576
29605347
34010818
35156233
23313574
19447315
33905305
32528635
11436096
31883989
23939416
22837393
16658080
11504721
28948578
18740443
21074312
21847510
17968064
22421158
18589570
24378940
26829091
26171239
28699629
18445322
29399964
7322935
8339524
21318406
907332
23679376
16523912
23459821
35604706
680805
26513050
33136015
16440284
19934053
23961145
27605834
29252028
13612404
17053889
18487150
24579031
31482626
35214754
24318004
27176633
25022086
23090143
28213563
13460625
25625587
28038243
6559960
864864
25428055
27812527
15883569
22109533
22348042
22898779
26428537
27918628
7353028
9841367
31862674
22917775
5121464
5394665
28581966
26761132
13990215
34246933
407723
21942946
21672928
26597317
24848329
30915899
18034658
27270376
24358252
21318418
28370217
27569152
30317268
23076982
370279
19763116
23779702
21328612
32388553
13627857
27740392
33962368
24111895
23428786
31733914
20456756
20443007
25414132
30192873
33128767
32511868
24691249
17836517
19978294
21808213
24924808
29121525
30116886
20128243
27465595
27803737
25726075
33351994
17033792
34552252
5295506
7040089
28587528
19035343
19283281
35607448
20868656
30359169
240930
13169109
14165856
26969008
20409166
15212723
17292761
24632080
14345130
22517158
20012770
26096470
28755084
20204767
20908076
25885264
4401734
21453481
7615531
23043574
17906597
27200197
33268057
639003
28174443
15118700
29018835
3730363
16782487
9718403
31787320
28840383
17051762
26191840
24262567
27669757
30472134
32234605
31081712
28097457
472183
17837954
20920643
31101005
15255063
28600548
32976130
31962421
4797854
19797841
29660451
23951533
24414376
18613666
23383810
23554390
23635906
22535866
24241987
17008503
23650270
20958947
18942745
25916761
3963862
34985539
3803950
29177388
11985126
27910189
20171080
17568758
24376201
30760346
6814000
25800691
25582654
30344592
20693021
20418047
4012402
18601522
3100511
22989676
26423458
16399862
24358207
35688319
14858726
15233106
9466988
33562267
30573539
7812790
23581942
29962410
9565196
34569880
10572492
23239501
30812612
3670266
416100
27470875
20836475
18619423
34192108
28401606
22365040
31882603
23326366
31074875
30646853
7515700
29443266
21057866
17366012
1984572
20239129
24634954
34165087
32030788
5986366
30534084
20177044
31359821
34127308
35148904
14352696
14451735
20380180
16616795
34345234
23585149
9318200
23017654
33158971
32542825
23471554
26046520
3907021
5030443
29993970
31492499
14831141
13091526
19507186
23524942
10799406
12848718
17903480
24743242
6414745
26709565
19761364
26996080
27077461
28158594
20969189
32345824
32803621
17584976
24613453
8213081
28965846
4776341
32613736
26001232
22028254
21806002
8590750
14779667
10304777
2679206
29038095
23175445
27661256
15162647
8748340
19731253
23442430
24854467
26071945
24213475
20292616
20256982
13779063
29595831
19323070
7393054
17804114
31859515
15199199
19068442
21881491
24987124
30456759
2506151
5860717
1075806
334817
33865852
21742876
27184099
27154169
35255725
21421639
34369231
22116364
11886306
36441523
12258063
1470241
32239345
27190000
21089099
31549007
30158220
34827493
15698094
15814020
16139069
23935006
25262914
26046058
30571457
34257769
16685326
15475770
13105560
22960057
27699806
16854160
23818510
25433362
17732855
30604055
20216506
21383248
25241206
28158168
30318522
31212824
8308063
30278670
13689612
4394687
11715180
25386817
24872824
20640884
31978786
22322140
4852466
602262
24215029
22990960
20432597
26452945
10333187
31373576
4520205
12662994
20171638
34790974
34581913
31493666
34471441
611492
22571980
28836627
5373050
30121149
28294683
30713072
27246313
17147873
76861
36463321
15866901
29069109
35650879
8555428
17469179
22068040
31250546
23810251
6288376
13040934
20874797
27528220
21297146
34533838
5849320
19979299
21294002
23859457
24662260
24343024
19118947
34988704
22607929
25036408
7138976
23351494
18775144
18226433
26731132
21859996
22438099
25957888
21709729
27242095
27632648
31407878
27470893
32371702
16982175
23685658
12579668
25787653
31939423
21795435
19907140
735953
13165845
24963313
15130205
14693193
20994917
22180816
16421201
23044321
20565005
24105631
24110341
1877907
25344355
10745151
22221163
12619184
29490420
20288443
18407183
278395
27858838
22130110
6870892
27448672
search?utf8=%E2%9C%93&commit=Search&work_search%5Bquery%5D=&work_search%5Btitle%5D=Assembly+of+Pain%2C+Happiness%2C+%26+Feelings.&work_search%5Bcreators%5D=&work_search%5Brevised_at%5D=&work_search%5Bcomplete%5D=&work_search%5Bcrossover%5D=&work_search%5Bsingle_chapter%5D=0&work_search%5Bword_count%5D=&work_search%5Blanguage_id%5D=&work_search%5Bfandom_names%5D=&work_search%5Brating_ids%5D=&work_search%5Bcharacter_names%5D=TommyInnit+%28Video+Blogging+RPF%29&work_search%5Brelationship_names%5D=&work_search%5Bfreeform_names%5D=&work_search%5Bhits%5D=&work_search%5Bkudos_count%5D=&work_search%5Bcomments_count%5D=&work_search%5Bbookmarks_count%5D=&work_search%5Bsort_column%5D=_score&work_search%5Bsort_direction%5D=desc#:~:text=Works%20List-,Assembly%20of%20Pain%2C%20Happiness%2C%20%26%20Feelings.,-by%20RandomlySane
31170737
20609393
34899703
7305565
20118874
33886603
30731570
164479
14293560
25143577
28459854
13933635
28460472
20275129
12664023
22919674
22356097
16365134
22884841
23696347
27677980
28475310
3613170
7392847
10453449
25511461
16641984
10772199
22848817
24779452
17106932
19150279
29371794
30353682
33670090
11284494
784213
17342354
15124007
21891013
28113402
29281773
21809875
26241559
27718529
27758548
13834353
22137838
30942641
26704795
3867325
29728164
2781206
28643220
30887135
32152393
32854399
34122838
17055632
32854339
30436956
24339220
13028844
5818693
12054900
23472517
25825039
28854258
10414140
11422803
24346537
23522767
15319668
32357539
30439779
