19035343
21806002
21910063
24613453
20969189
559409
27726203
5296850
24546556
1606547
24766570
26474023
19432315
24105631
8555428
32510176
22180816
17481809
1970511
23184505
30265893
32112331
27461875
15467058
11681898
26341411
13541223
19507186
34234810
34129708
22571980
24346537
31733914
29595831
18709633
20874797
31081712
29135208
26071945
23627122
23353117
31170737
29526558
31981339
30690521
34161109
35156233
24215029
29869677
15799128
278395
32468755
18601522
29866857
32345824
18619423
28846980
5821582
23017654
22989181
31859515
27184099
19979299
21391081
34552252
30887135
28236945
21097151
5678815
25825039
33136015
28079223
30731570
31373576
23859457
19801594
28842213
11879367
23313574
34165087
27699806
19150279
22653871
14293560
15199199
27190000
33492454
18194762
16440284
29018835
31939423
24822373
22413373
27878189
26873953
18445322
19069612
27072727
23679376
35019583
26046520
25143577
32239345
33568864
14705471
15487920
12521824
19797841
34827493
34345234
29177388
27709703
28139565
35262118
7045240
26090464
7305565
30192873
11284494
4401734
14858726
10506978
14226009
1470241
21074312
29245938
25916761
21795435
18978298
8213081
22421158
23135962
9801101
35388781
20211121
18501697
24194614
546446
23175445
4012402
27718529
27910189
13169109
27632648
30879626
14055714
30794522
32956450
23650270
27465595
19907140
16627541
20292616
25800691
26704795
15115712
17033792
16267331
19763116
8308309
17106932
34899703
34581913
18613888
34587193
9318200
22109533
12664023
17584976
32371702
17374679
14094303
32049301
16658080
19323070
5860717
28581966
23348617
17051762
13028844
32407657
20935463
29121525
32816746
13779063
28643220
35607448
35604706
28401606
22607929
11203914
24848329
21376195
33128767
32234605
32908984
30419484
32554021
29490420
27009487
25428055
21383248
23365429
20109799
31883989
22068040
17837954
370279
416100
29478831
27740392
28755084
30353682
20275129
17732855
31479263
22123033
23185381
26969008
25329310
21057866
21859996
23635906
20868656
18613666
19793818
25511461
20177044
30748412
17147873
5295506
34985539
32388553
34334308
31407878
28294683
33886603
32650210
27704731
20609393
36366478
31212824
31622762
30116886
12914751
20380180
35650879
19978294
28699629
31024604
11715180
3100511
28460472
23187580
28158168
30832658
29722659
20440910
12922311
33279106
12093777
17762234
23383810
27470893
9718403
32544148
18901366
27812527
32803621
26112073
23239501
1031893
24343024
26616427
18519313
32854339
28806891
28195347
493113
13354242
27605834
27846530
31978786
23993578
816544
23571643
34790974
30318522
30715664
20118874
20775059
1477357
33351994
15162647
33454669
31899376
24103009
19934053
29817390
36120454
21957355
27470875
5475863
25474642
30278670
907332
33420838
33639346
30760346
26171239
24632080
26558275
472183
17686166
24798505
19271506
11549211
6668860
31683614
30534084
28949799
7515700
25436386
27430390
23931013
20142982
18324761
15921000
28600548
33187711
4394687
18034658
518316
31238723
31546508
11985126
1075806
22176247
24634954
14451735
30679271
34791103
27806677
16641984
34010818
22848817
23428786
26671084
31114310
20409883
32542825
23321323
36157378
35255725
18226433
750377
20958947
33705952
14906117
22884841
28594911
26191840
1147421
24414376
27707462
35148904
15814020
25771438
28840383
33855862
35820016
28252443
33905305
23585149
27661256
25722511
34257769
3156632
16555949
11666820
28485864
21942946
22990960
19299481
111690
27077461
16365134
13865526
24963313
21891013
2781206
29252028
13689612
12292941
1924179
24216859
28464576
29993970
639003
23076982
21709729
35688319
36001096
20920643
15071123
3613170
32374201
29914395
18942745
30188016
26096470
27772630
33562372
33052027
32976130
16975062
34471441
5421695
22919674
23176594
24526141
7040089
18407183
29660451
16421201
16084103
11003814
33158971
24924808
14165856
25344355
3803950
22640713
24262567
26213038
34162207
28587528
29674161
17342354
902480
22810552
16782487
29260137
31141439
25433362
25601596
19118947
23520670
21815308
19388836
22880818
12579668
31482626
31396655
170403
28094022
29443266
15698094
4776341
407723
7497918
4273890
17906597
20451308
1103141
25262914
21089099
12033890
25787653
27279745
22060552
30915899
27994659
27803737
34988704
14352696
22713616
20994917
16348394
10970949
4427987
35204929
11659926
36463321
14066796
12054900
34533838
28414728
33432256
34819819
24662260
30317268
6288376
22057534
30472134
23417131
13142217
34102618
20171638
34029076
21318406
27311278
30573539
33037573
14249571
2506151
21453481
21282278
10890888
26428537
9300086
22917775
27858838
22847602
31882603
33979027
30830084
33840850
34189129
17008503
19283281
17217341
602262
76861
4852466
28459854
30600596
31250546
35252215
33210151
13627857
30439779
34369231
16504007
23471554
26225191
11436096
505906
17366012
937084
26623660
20836475
5121464
27070534
1877907
21861010
20392885
5986366
34148671
28948578
294995
28971186
23083738
16037609
7239700
34182997
20060752
22028254
34246933
21406744
24358252
3891256
26001232
611492
36441523
29725977
11615187
30153540
25723171
3870211
13105560
22837393
14779667
16399862
11012550
26731132
28836627
25957888
20174284
31549007
28038243
33937345
23090143
25138768
20256982
28132290
24241987
32854399
7937086
3388781
34073449
25295155
34127308
10659744
34781968
260273
24925561
26452945
17903480
17820104
12258063
30713072
20409166
14486850
1508990
18863971
33670090
21998470
29237001
33745444
32079538
22535866
10772199
24376396
