37736677
29252028
30439779
5475863
27772630
28269354
21815308
9318200
27812527
18407183
28600548
19299481
24067537
2781206
27803737
29807550
24766570
34334308
34165087
13883811
34234810
21282278
20969189
19801594
7497918
28113402
21859996
5860717
34819819
28643220
611492
29121525
16348394
27740392
23293657
29177388
34471441
21097151
28459854
10970949
25787653
33492454
21942946
19507186
27466582
32908984
7515700
30748412
12210708
22880818
26341411
23321323
22571980
33052027
22519480
5121464
26090464
15467058
33454669
24105631
3891256
22848817
23175445
35148904
15199199
23383810
24848329
23083738
34129708
5296850
32854339
32239345
32650210
11666820
34533838
20292616
31927759
29901264
23517115
25433362
16399862
23993578
816544
15115712
17732855
30318522
34029076
711386
22535866
11681898
12033890
22989181
11012550
24963313
26225191
20451308
13627857
35820016
27910189
24634954
23931013
31859515
31396655
31479263
20256982
9718403
11549211
20060752
518316
1508990
3156632
28132290
31978786
27009487
34781968
14705471
9488045
5986366
30679271
639003
23679376
25601596
260273
23090143
17008503
32049301
1147421
26112073
34827493
13105560
25138768
22837393
19271506
19432315
21453481
493113
24346537
23650270
24822373
22123033
33656908
17342354
32542825
27470893
32345824
19907140
26474023
33562372
32468755
26428537
30713072
33639346
11003814
34791103
2506151
20440910
31024604
19118947
35156233
22653871
28236945
23239501
30534084
11203914
29478831
5821582
21998470
31882603
25143577
20171638
7239700
14293560
17033792
28401606
27190000
33745444
11879367
28460472
4776341
28467876
34587193
18863971
12914751
28836627
28948578
16782487
34246933
27311278
20392885
14226009
24358252
34897108
27184099
9300086
17903480
22919674
32724652
19763116
31211666
23428786
35900713
19323070
26096470
35060251
30265893
30879626
30153540
937084
26452945
11659926
370279
15071123
27430390
24103009
20775059
26558275
16440284
24924808
21891013
34985539
25722511
724645
23585149
33128767
18034658
28840383
25771438
20772875
33136015
14858726
34790974
29866857
20874797
29722659
22028254
1924179
20109799
21318406
20380180
16641984
23184505
28094022
28195347
28587528
32079538
30731570
28252443
30353682
13541223
29993970
32407657
34214023
895526
26213038
29526558
25344355
31546508
7776559
23417131
14779667
34102618
31981339
31250546
22990960
27878189
15487920
416100
13169109
27858838
33432256
10659744
17906597
23635906
21376195
34345234
20868656
28414728
31883989
34010818
17051762
11715180
28971186
30116886
18978298
25723171
18619423
21406744
34988704
33840850
34899703
6288376
22060552
28949799
546446
34581913
30278670
30832658
33937345
278395
25329310
7040089
1606547
33760603
32374201
22713616
3613170
24632080
34257769
18942745
505906
26071945
29245938
27718529
27470875
32388553
24546556
15162647
23571643
13028844
36441523
32854399
27461875
20958947
31114310
25825039
9168430
33420838
19388836
18709633
22413373
22607929
22180816
34127308
902480
29595831
27070534
33351994
23185381
20714669
19979299
17686166
27077461
4012402
21806002
33855862
14249571
22057534
25436386
33158971
12922311
32645620
18501697
19934053
21089099
30188016
12292941
24526141
35204929
35019583
25916761
76861
14094303
28846980
24376396
13354242
1877907
3388781
34500430
1031893
4401734
36463321
31911022
35262118
31238723
20920643
13142217
34073449
6668860
23313574
3100511
31407878
32554021
34182997
21709729
26969008
16975062
17106932
17366012
34369231
23627122
23076982
26731132
17584976
33705952
23176594
36278875
16627541
27661256
20609393
27846530
28755084
27279745
17217341
36120454
5421695
30600596
11985126
35688319
35650879
28485864
36001096
16084103
25800691
30887135
36754600
30830084
21861010
30794522
13865526
27704731
27994659
32112331
31212824
35604706
14352696
12258063
8213081
10506978
1075806
26704795
19035343
18613666
33905305
22068040
32816746
8308309
4427987
32976130
33568864
33187711
24216859
24241987
29018835
16267331
29660451
35388781
33979027
17820104
18901366
22884841
21391081
4273890
750377
23520670
26616427
16365134
23135962
24343024
32510176
1470241
32371702
20409883
20409166
23353117
20177044
11615187
26560834
25818727
19150279
31081712
30760346
28038243
23956966
16504007
29674161
15799128
10890888
35605744
31141439
14055714
28806891
26260066
7045240
30690521
20118874
11436096
18194762
29260137
17147873
37333618
29490420
31482626
170403
17837954
602262
29725977
32956450
27699806
13779063
22810552
25474642
31170737
31733914
22109533
24613453
472183
24925561
27187474
28294683
25295155
15814020
29237001
294995
30317268
17481809
30715664
33037573
1103141
28079223
16421201
8555428
3870211
19797841
32544148
22847602
28594911
31899376
20935463
29135208
29869341
24215029
26046520
32803621
1477357
559409
11284494
19069612
20211121
24194614
33670090
24662260
26873953
31939423
28464576
27726203
12093777
27707462
16658080
21957355
34162207
14066796
4394687
7305565
27605834
7937086
10772199
21910063
18519313
33318781
25957888
26191840
34801813
37435171
907332
35252215
26623660
16555949
34552252
9801101
27709703
30192873
3803950
21074312
30472134
28842213
6395554
18445322
12664023
29443266
30419484
31683614
15698094
33210151
5295506
13689612
29817390
20994917
29869677
36157378
14451735
20836475
28158168
21373885
22002658
770581
30915899
26671084
32234605
22640713
26001232
37755700
33279106
29914395
20142982
19836565
17374679
16037609
28699629
24262567
12579668
6910981
5678815
21383248
14906117
14486850
23471554
1970511
31549007
23017654
15921000
27806677
19793818
33886603
21795435
28581966
12054900
4852466
23365429
19978294
27072727
27632648
22421158
25428055
30573539
36366478
25511461
20174284
23348617
17762234
18613888
111690
35607448
18601522
24798505
14165856
20293858
22917775
27465595
407723
20275129
34148671
22176247
31622762
18324761
12521824
34161109
23859457
21057866
31373576
28139565
26171239
19283281
25262914
24414376
18226433
34189129
35255725
23187580
