34111441
32234605
20171080
34500430
28842213
1508990
24632080
27878189
21808213
30715664
7393054
505906
7776559
29725977
34581913
20142982
28213563
19793818
5849320
31927759
26452945
29278248
28467876
12470332
3388781
32049301
22130110
23184505
3613170
23627122
16079666
438516
15124007
21742876
1695350
20836475
32357539
34345234
27190000
21074312
28192002
17568758
29269710
12914751
31622762
7392847
13779063
23017654
34134610
7812790
33158971
20451308
27279745
34148671
21297146
26112073
27803737
28252443
28836627
15115712
1031893
24526141
23939416
18068939
26428537
35607448
27758548
35060251
15255063
36120454
1877907
24168637
24262567
776603
507700
25627864
33492454
11032653
23326366
35604706
13028844
33855862
20443007
28045056
7322935
17469179
23517115
29817390
22002658
4797854
11549211
5986366
37736677
28132290
24887110
12258063
13460625
29091798
29807550
21294002
24887557
770581
493113
13933635
26090464
19299481
33886603
29121525
5121464
27072727
29901264
31549007
902480
3762757
30573539
34899703
23581942
680805
29914395
18942745
3867325
34127308
31492499
27723368
20239129
23275189
4520205
27270376
28294683
2781206
20380180
10772199
33962368
27470893
1075806
25433362
31981339
32388553
17732855
27154169
21282278
5475863
17033792
22221163
32079538
4427987
26533249
32908984
27184099
27910189
21431803
27699806
598019
28237845
18775144
11284494
35688319
22919674
20565005
15487920
12424332
30887135
1610018
16982175
16138103
16685326
19934053
10572492
10544868
31305632
21406744
28965846
26873953
17481809
9300086
784213
25026529
34010818
20418047
24105631
20275129
34257769
20772875
31546508
1147421
18601522
20118874
17820104
23175445
724645
19323070
711386
32394049
23581780
34122838
15866901
25428055
17837954
20012770
12093777
24376396
27570775
16481090
12619184
17166020
32345824
10745151
31733914
29674161
29069109
23951533
13040934
27677980
5678815
15883569
23085400
31479263
294995
23090143
21815308
14451735
23859457
15919089
27565495
22438099
30794522
864864
19801594
26071945
20109799
25800691
24707857
24700762
10890888
18034658
22837393
15698094
12054900
20432597
30942641
36001096
278395
16504007
22847602
18993361
33279106
14055714
29943726
26474023
5860717
11615187
12292941
7066996
28414728
3803950
23609689
30978575
18874498
18194762
25036408
16975062
34111114
31859515
23239024
27918628
17681291
34165087
17903480
32239345
31101005
26423458
19191640
23351494
35650879
20060752
18740443
20868656
30116886
33210151
25241206
25414132
33639346
28699629
13142217
30158220
18487150
34819819
21861010
21815875
3257885
21957355
170403
20211121
30832658
12521824
11072238
24067537
24278113
23156497
7305565
29613219
27858838
27806677
21097151
22356097
22571980
1323562
21150389
23541145
24924808
31211666
30456759
4852466
19979299
18709633
35262118
9841367
1970511
15162647
7045240
26241559
14033613
25295155
22060552
31896778
21806002
29135208
3891256
816544
30344592
111690
34073449
29018835
22322140
24743242
24766570
12988137
30359169
29660451
16440284
23696347
611492
9466988
7497918
27661256
10408971
22880818
23176594
20293858
31081712
16023554
20128243
25415320
34246933
20409883
20994917
24343024
16348394
33921814
27726203
26341411
7615531
29237001
29866857
17968064
32976130
2656487
26132014
7239700
24864346
35148904
22989181
19797841
17053889
20440910
17366012
28755084
11203914
25885264
25625587
29306634
11422803
6910981
33420838
19432315
18407183
18407444
9238637
21947791
21942946
26623660
33865852
28485864
30690521
639003
21318418
505677
30915899
17804114
18519313
13865526
25143577
27637358
22517158
36366478
24613453
21859996
25722511
31939423
14094303
25329310
21391081
24905410
164479
23679376
31373576
22068040
23685658
19978294
14831141
23657293
19388836
472183
34102618
6870892
16365134
29259162
20456756
31911022
22990960
23453311
22535866
20409166
20969189
25057393
23810251
11659926
30188016
31359821
33656908
21809875
14858726
2506151
23319187
13834353
12662994
11436096
22365040
1470241
20693021
33905305
15233106
17584976
32724652
9718403
27745438
27528220
13627857
30436956
10521585
33937345
29194440
22073737
27718529
36441523
14693193
27569152
24111895
27609085
31212824
26171239
24318004
31811008
22960057
32374201
22827064
33351994
17051762
14249571
11012550
33128767
25818727
21308943
10659744
29812860
12734052
37755700
27772630
18613888
18901366
34369231
19507186
23313574
18501697
5295506
26731132
32542825
24215029
28806891
16399862
34988704
416100
16139069
15995492
31978786
26616427
27200015
27130303
11003814
27099160
31899376
23471554
28854258
27390661
15475770
26046058
28971186
23459821
30121149
28587528
29526558
20609393
22348042
907332
14906117
2078553
22607929
24216859
24822373
15814020
30439779
23961145
23206819
19747093
20958947
106190
32854399
20920643
19763116
28094022
28475310
32152393
21456370
28401606
19761364
8308063
31882603
11985126
30931553
8339524
31869289
13883811
33489424
23779702
9578435
30974375
10970949
23185381
22898779
937084
23348617
27632648
28643220
17342354
24213475
26513050
15799128
24925561
20908076
24339220
16659493
28370217
28464576
13689612
32504140
1477357
26709565
23635906
34189129
31883989
30153540
13105560
30879626
21891013
23353117
30251604
22307176
27812527
23732584
23383810
32030788
23083738
34533838
20177044
34214023
25511461
3459731
17147873
24756952
2679206
7138976
9168430
680752
24110341
24378940
22116364
10453449
6559228
32407657
518316
27375052
19150279
22989676
34029076
31862674
30760346
20174284
20038312
24691249
30979730
29869341
30278670
16616795
33670090
22653871
11252559
28846980
27466582
24241987
7353028
12848718
6071350
29595831
31024604
15118700
23472517
33745444
5030443
17656484
20921720
33318781
16555949
35605744
370279
33268057
28097457
28948578
31493666
29739654
32645620
24854467
346736
34781968
30646853
29962410
27533623
23935006
29478831
10799406
21318406
31141439
15199199
32544148
15795501
334817
17882234
35820016
30318522
27187474
20567498
15212723
15467058
26996080
20216506
29281773
35388781
23956966
30604055
32816746
27200197
6668860
6414745
28236945
30472134
24579031
845183
29399964
14352696
30353682
36157378
25759528
29443266
32803621
30531918
24634399
23524942
32613736
11504721
5394665
23417131
24848329
27311278
30778067
31407878
17686166
559409
22445740
26260066
18863971
299603
35255725
29869677
24358207
25787653
5962915
19731253
5296850
30713072
28038243
29728164
3870211
15319668
34471441
21421639
19035343
1591592
13541223
34161109
32511868
17685167
34234810
20721824
14226009
30526023
21881491
30265893
16443053
25957888
31250546
17055632
22109533
21998470
22123033
3730363
33840850
35900713
26761132
26143228
22714810
240930
24231487
34790974
26969008
31962421
24376201
260273
28460472
16084103
11512872
22713616
5373050
26829091
17217341
28005069
23571643
24346537
28113402
23931013
7061515
25997320
27740392
21089099
13169109
23442430
11136081
26597317
21057866
30830084
34162207
31787320
12922311
19283281
34129708
22413373
28158594
10263101
25138768
25825039
22180816
23187580
602262
29605347
29177388
26187457
3963862
25436386
30685736
25262914
23973340
31114310
26671084
33454669
9488045
18541645
21373885
33562372
11879367
8590750
27465595
26191840
22640713
34799452
16627541
1924179
12210708
22176247
9565196
11886306
16641984
28600548
33136015
29038095
27707462
26409040
24587365
32371702
13165845
7040089
15130205
35214754
21910063
34587193
31396655
33052027
32554021
27669757
23547772
1103141
35019583
6288376
11715180
27709703
21453625
33037573
34552252
14779667
24414376
15921000
20874797
407723
9801101
28139565
31170737
8163464
28174443
36278875
20620334
23609749
23522767
11270490
21453481
16267331
32528635
22642855
37435171
17106932
6395554
22884841
16421201
17008503
24963313
23348836
21376195
27605834
27960383
24401746
21847510
28195347
25918189
29709597
21617338
20204767
20640884
13091526
5421695
18619423
32112331
34192108
20714669
3100511
10304777
3156632
25723171
12664023
28079223
24892276
18965794
76861
22137838
18613666
28269354
19084348
5821582
32854339
23850361
20935463
23818510
546446
1984572
11681898
32510176
33979027
10488882
25771438
22057534
13241154
27430390
24103009
26225191
3907021
32956450
26558275
35204929
27070534
9318200
29252028
4394687
28949799
18589570
19447315
27846530
26213038
23585149
10333187
19836565
28840383
34827493
30600596
8179655
24358252
25601596
7515700
30679271
19227964
25344355
29993970
4273890
23428786
30401208
31952998
24662260
6814000
27310006
20775059
37333618
16782487
8213081
21795435
16729350
30317268
22421158
7937086
735953
28510488
12033890
25474642
11666820
23520670
26001232
33562267
20040961
25386817
22028254
25916761
23239501
23321323
10506978
33432256
26096470
31238723
1606547
27077461
23043574
21709729
18978298
19118947
24779452
34801813
34897108
23135962
31683614
35156233
29490420
23044321
24194614
24546556
23993578
34334308
15071123
22917775
3670266
26046520
21004607
28740780
32650210
36754600
26704795
30731570
31074875
2268507
24559009
30748412
17374679
20288443
23076982
16037609
23624704
31482626
4776341
19069612
20392885
18226433
25022086
29260137
27470875
8748340
19768255
27461875
21672928
26560834
5818693
23365429
27448672
14345130
24798505
19350961
35252215
23293657
18324761
21383248
8555428
19271506
7084504
13990215
4012402
25726075
25582654
27176633
27009487
14486850
22848817
22519480
895526
27246313
14165856
13612404
33568864
750377
24315364
20171638
34791103
36463321
30192873
23766619
16658080
20256982
13354242
17762234
21328612
28158168
34985539
8308309
30812612
16523912
30419484
17906597
24987124
13604544
29722659
33705952
29242680
14066796
26477992
27242095
19907140
18445322
24872824
12579668
4401734
12919386
33187711
24613408
17836517
28459854
29245938
14293560
25068775
17292761
15294237
34182997
24634954
34569880
33760603
19068442
17890052
27994659
23650270
30571457
16854160
32468755
22810552
30534084
14705471
27952019
20292616
23554390
28594911
26007388
10414140
27704731
6559960
29371794
28581966
